0.332044810771 0 0
0.3325165 0 0
0.327895427571 0 0
0.330634456047 0 0
0.1436835 0 0
0.314484553049 0 0
0.328299527626 0 0
0.19089175 0 0
0.293596626273 0 0
0.32506335534 0 0
0.2381 0 0
0.267276303049 0 0
0.320958273955 0 0
0.3325165 0 0
0.2381 0 0
0.316025300085 0 0
0.28530825 0 0
0.208923696951 0 0
0.310313722376 0 0
0.217090352239 0 0
0.182603373727 0 0
0.303880609023 0 0
0.171337452594 0 0
0.161715446951 0 0
0.296790237569 0 0
0.14937751167 0 0
0.148304572429 0 0
0.289113452662 0 0
0.1436835 0 0
0.1436835 0 0
0.280926958199 0 0
0.147508031657 0 0
0.148304572429 0 0
0.272312550926 0 0
0.156332912464 0 0
0.161715446951 0 0
0.263356303153 0 0
0.167428234945 0 0
0.182603373727 0 0
0.254147702748 0 0
0.179232275123 0 0
0.208923696951 0 0
0.244778759001 0 0
0.19089175 0 0
0.2381 0 0
0.235343083303 0 0
0.201968369708 0 0
0.267276303049 0 0
0.225934953804 0 0
0.212261698298 0 0
0.293596626273 0 0
0.216648373426 0 0
0.221704746833 0 0
0.314484553049 0 0
0.20757613061 0 0
0.230303147228 0 0
0.327895427571 0 0
0.198808872207 0 0
0.2381 0 0
0.3325165 0 0
0.190434197765 0 0
0.245155753881 0 0
0.327895427571 0 0
0.182535784263 0 0
0.251536868928 0 0
0.314484553049 0 0
0.175192550037 0 0
0.257309604656 0 0
0.293596626273 0 0
0.168477866257 0 0
0.262536788372 0 0
0.267276303049 0 0
0.162458823823 0 0
0.267276303049 0 0
0.2381 0 0
0.157195563018 0 0
0.271580552317 0 0
0.208923696951 0 0
0.152740672603 0 0
0.27549646523 0 0
0.182603373727 0 0
0.149138664372 0 0
0.279065784054 0 0
0.161715446951 0 0
0.1464255284 0 0
0.282325485541 0 0
0.148304572429 0 0
0.144628373445 0 0
0.28530825 0 0
0.1436835 0 0
0.143765156084 0 0
0.288042930481 0 0
0.148304572429 0 0
0.143844501301 0 0
0.290554996906 0 0
0.161715446951 0 0
0.144865616304 0 0
0.292866943203 0 0
0.182603373727 0 0
0.14681829845 0 0
0.294998653146 0 0
0.208923696951 0 0
0.149683037184 0 0
0.296967724877 0 0
0.2381 0 0
0.153431208984 0 0
0.29878975635 0 0
0.267276303049 0 0
0.158025363356 0 0
0.300478595021 0 0
0.293596626273 0 0
0.163419597028 0 0
0.302046555507 0 0
0.314484553049 0 0
0.1695600126 0 0
0.303504608923 0 0
0.327895427571 0 0
0.176385257071 0 0
0.304862547406 0 0
0.3325165 0 0
0.183827134852 0 0
0.306129127042 0 0
0.327895427571 0 0
0.191811289162 0 0
0.307312192057 0 0
0.314484553049 0 0
0.200257944969 0 0
0.308418782792 0 0
0.293596626273 0 0
0.209082706082 0 0
0.309455229687 0 0
0.267276303049 0 0
0.218197398403 0 0
0.310427235164 0 0
0.2381 0 0
0.227510950941 0 0
0.311339945079 0 0
0.208923696951 0 0
0.236930305756 0 0
0.31219801116 0 0
0.182603373727 0 0
0.24636134777 0 0
0.313005645654 0 0
0.161715446951 0 0
0.255709845128 0 0
0.313766669229 0 0
0.148304572429 0 0
