6.211828273927177263e-02
5.538855621343956315e-02
-1.350725546047414072e-01
-1.702096419639601288e-01
-2.458704658687737438e-02
2.104089745350068430e-01
3.077834233169402522e-01
-1.631309196742018741e-01
1.169854680736881480e-01
3.277180881853037908e-01
9.510027851755631367e-02
-2.069528687186907301e-01
9.621424640379185045e-02
-1.502108606382398815e-06
-9.621412909387801193e-02
2.069535893935377791e-01
-9.510065630200663367e-02
-3.277194429818496846e-01
-1.169846521414995566e-01
1.631338467375195722e-01
-3.077818800242880237e-01
-2.104105515915145053e-01
2.458745631866987580e-02
1.702127393170684011e-01
1.350706034127752142e-01
-5.539056681632750778e-02
-6.211917995862007574e-02
-1.177161221739936400e-06
1.744960720599138214e-06
-4.223807860149050946e-06
5.131933078683781612e-07
3.752316921492956473e-07
-1.965351744355541371e-06
-4.374481894203711392e-06
5.069774444444884767e-07
2.812419204803442042e-08
-8.287415722926005763e-07
2.250811321090267239e-07
-4.435709358093429435e-07
1.020722363775501802e-06
-3.073202650161299791e-06
-7.417962485552074192e-07
-1.715521557776813792e-06
6.758266601627455139e-07
-3.079671731671676349e-06
-1.833051282885167599e-06
2.206068216894473404e-06
3.244196323320881176e-06
-1.496822032189647386e-07
-4.318608619549843460e-06
3.642637781661233527e-06
-1.409722577302274379e-06
-1.490975951041831679e-06
-1.137062836488532985e-06
-9.577590712350080601e-07
3.264861583291154816e-06
-3.027112634659808257e-06
-7.917525661379625789e-07
-1.278606484656042413e-06
1.726188610210925459e-06
-4.085579881625393726e-06
-7.938234690174638419e-07
-1.396966870780076710e-07
-4.739094954856188723e-07
3.395856413630815221e-07
-1.474311633487285950e-06
2.453802243761776434e-06
-2.132595194515741270e-06
-8.918379884273021066e-07
-3.131661389879954612e-06
1.308429482430520640e-06
-1.540117622507402864e-06
-9.572148697108350919e-07
-1.834245218592140902e-06
1.741260584569558629e-06
2.684563428366459904e-06
-5.720709561064360509e-06
-3.995064093720831562e-08
7.213013081556887456e-07
5.907163876210073483e-07
-1.202506540377366236e-06
-1.941680875995524339e-06
4.281283070180305983e-06
-1.913339280204791538e-06
-2.044047863222282535e-06
-7.441695213356548929e-07
2.830045749271539968e-06
-3.115874329716485313e-06
-8.218580495671437134e-07
-1.607645721552231192e-06
-1.088568325245161217e-06
-4.889278195945558259e-07
-7.471481996417590074e-07
3.297995672234731453e-06
-2.648625859588879574e-06
-1.713836005956705780e-06
-3.123122484708228428e-06
1.551011861712298795e-06
-8.607599220793345563e-07
-1.121166592927206415e-07
-5.280134812514170312e-06
1.252950722397232278e-06
6.316386007845188907e-06
-3.808956513480771652e-06
-3.239987069431402667e-06
-5.100816965150071328e-07
2.822151170141334182e-06
-1.193560766523271624e-06
-2.400394542553062356e-06
2.229896935536203224e-06
1.784321985623855045e-06
1.039284844687267097e-06
-5.718215832637604675e-07
9.123869954687155126e-07
-8.827375072525349700e-07
-8.442742414218384559e-08
-1.689086123264568846e-06
2.624560827664201441e-06
-1.135007581306175951e-06
-1.671604661464938165e-06
3.003399775939454874e-06
-8.653959744311431721e-07
-2.558463028690970807e-08
-1.411725628098830718e-06
1.139883154159481659e-06
5.507833138040580027e-08
1.973670081339212178e-06
-2.675800444933544857e-06
-2.311491751829069979e-06
5.175116101398646394e-06
1.969768283353636686e-06
-3.837661873660499126e-06
-1.892731464253716754e-06
3.506111097458338106e-06
-6.985133879563235210e-07
-2.981397023260047006e-06
8.641927225437570212e-07
1.147625653947915439e-06
2.311709163996166359e-06
-1.039631650426738801e-06
2.936024274142122912e-07
9.739985985592999939e-08
6.941869583422314605e-07
-6.566641870154681978e-07
5.743718052530944608e-07
-2.280962207640863087e-06
-1.829801165752184028e-06
1.571570107162302525e-06
-4.431177805350997837e-08
-1.573364860018147736e-06
-2.454667460583139509e-06
5.143258635108332904e-07
3.125445787242475822e-08
4.159294862331928844e-06
-1.946535772591814589e-07
-7.490250401385112065e-06
2.127771537421169945e-06
4.495532611868872226e-06
-1.674091802030111495e-06
-3.040817159871624701e-06
1.610482494135891719e-06
-1.142937234820304678e-06
-2.745564391317595556e-06
-1.376283194622840987e-06
-2.003077492834086070e-06
3.040433406425105497e-06
1.477478338306461204e-06
1.084544570092822162e-06
-9.959983372876677158e-07
5.171230430649575157e-07
-1.390976369436011946e-06
-6.107658562227907996e-07
-2.309262671707249503e-06
-1.503574321997886565e-06
4.533144645170456607e-07
-6.326329630843851504e-07
-2.585849852313507093e-06
-1.443911118687280994e-06
7.774980705226145183e-07
-2.615166244619721827e-06
1.992211040303779880e-06
1.991889343140415964e-06
-5.319505214112389541e-06
-4.841957628666962642e-06
3.258057929867611134e-06
3.271762764691981644e-06
-3.461031453423590211e-06
-2.114839809213863060e-06
5.547345874593152174e-08
-1.206502218043231301e-06
-2.131179516587251166e-06
-2.538407638809658133e-06
2.421107278777936160e-07
1.524748545932475498e-06
1.750860563217619520e-06
-9.256608389291542879e-07
1.798344687495823445e-06
-9.096978519823867870e-07
1.375948937316317669e-06
-1.403245095397325544e-06
-3.283931135161468183e-06
-1.483202960754734504e-07
1.501784682811639975e-06
-1.092507265952746165e-06
-1.297473035551352362e-06
1.379359426751894491e-06
-3.657284481459331190e-06
1.238317598112109213e-06
4.236982841947759731e-06
9.834805805465025364e-07
-8.031071148310475708e-06
-9.345184155706711906e-07
4.600856324566342142e-06
-3.157815847286822362e-08
-3.095710728414487756e-06
-5.261006476683169864e-07
-1.050317700988825435e-07
1.946280479634848360e-07
-3.332154109335624437e-06
-2.953552286201524711e-06
-1.776917136018627200e-07
8.611382538134357653e-07
-8.009950926775122430e-07
4.202448143728392888e-06
1.644854168741538640e-07
1.270293210358906149e-06
-2.390469812386815804e-06
-1.759556948148429138e-06
-2.610900650590027787e-06
2.154668346860802360e-06
-6.663578267493156740e-08
-1.237245025384583184e-06
-4.127422904978757201e-07
-2.114734333412334559e-06
-1.795849895512941838e-06
1.949203166360977656e-06
5.284823026180712027e-06
-5.156438383413689501e-06
-2.988129428606183628e-06
3.160065671644193246e-06
1.566243016714409726e-06
-9.196595315588599610e-07
-4.511877408816070982e-07
-1.359228335057637652e-08
3.467685335534498240e-06
-2.438413394362410576e-06
-4.671766345521045640e-06
-3.541968049899688924e-08
2.995656071628840397e-07
-2.173383853838480877e-06
8.082922573271339992e-07
-1.655419251914183303e-06
1.161913093241900542e-06
-2.275060507463843319e-06
-5.061423667124714514e-07
-4.050869128719893589e-06
6.611826531531795398e-07
8.075891883227225836e-07
-5.996760370418810720e-07
-7.855546139937367455e-08
3.780624058504802399e-07
-3.569448049339942056e-06
-2.437469905173554034e-06
4.984217219959580289e-06
1.583802527473220091e-07
-4.015882209776498083e-06
8.492585277759728912e-07
1.058172996365442592e-06
1.164210724835817966e-06
5.558522379907999613e-07
-2.151545206669540627e-07
4.257758785167551605e-06
2.397827348137336056e-07
-3.299466551031136746e-06
-1.969138700162735899e-06
7.936406039910087705e-07
-2.178118963889124366e-06
-2.403039170479985735e-06
-1.330922077460456506e-07
6.782467846454111627e-07
-2.682282519361132007e-06
1.915142872911866726e-06
-4.935897184753833478e-06
-1.309391715911174333e-06
3.930492139597956837e-07
1.840704009511353627e-07
9.488832225415623190e-09
6.925564170678923658e-07
-1.653313031159748570e-06
-4.906684068993217474e-06
2.816918298613597199e-06
4.033717883878681263e-06
-2.934318134576981838e-06
-4.831546840753374722e-06
2.608341010223831824e-06
3.100538180516487456e-06
-1.024913457998801482e-06
-3.175240521005046761e-07
2.076249292777152940e-06
1.311171873973217324e-06
-5.971010404122148642e-07
-2.309058832392360699e-06
-1.612072314558779732e-06
-2.483523198770199542e-06
-2.773614037735059849e-06
6.150218210892551429e-08
5.392461856103582762e-07
-2.610313388729175182e-06
2.232518190177938257e-06
-3.758534344162893073e-06
-1.576186201862272834e-06
-8.080200805395251838e-08
2.232863417867502350e-06
-1.806951828131241380e-06
-6.356860442563728315e-07
2.328525883688610470e-06
-4.731331490853528427e-06
-3.947407584486015626e-07
3.016818784492638618e-06
1.731269043208065477e-06
-4.764540969166555200e-06
-9.999036692108756501e-07
1.545912701361329546e-06
-4.540257623916805042e-07
-1.042137975704080202e-06
7.648112479662894964e-08
2.743360092061876113e-06
8.867308841468051337e-07
8.953199361978889513e-08
8.648180976249008496e-07
-2.136247932347675682e-07
-3.148009240809951359e-06
-1.265651854326401244e-06
3.922114024451126305e-07
-3.463382895307244314e-06
4.289674024707117070e-06
-1.793965757213190441e-06
-1.204858404883768751e-06
-2.922341914349524079e-06
2.109416036345340222e-06
-1.602975201373326681e-06
-4.946371892167354105e-07
3.522399807758801949e-06
-2.079615312274303174e-06
-2.000215341121375997e-06
-3.064255245714792470e-07
3.328812417230439383e-06
-2.974881459636450252e-08
-5.312679325496609954e-07
-2.785321898799128005e-07
3.704907748517452094e-08
-1.174976133625716478e-06
-2.691853296013348391e-06
1.037500133651617548e-06
1.443456340543861056e-06
1.038675292240551906e-06
9.048174638936356747e-07
5.997118332940345638e-07
-2.147496108732112225e-06
-2.386863607100427808e-06
9.406209688655131736e-07
-2.821674588425944660e-06
3.760247636946450494e-06
-7.477450762377554655e-07
-1.628705337202434472e-06
-3.738795603696509190e-06
2.504639392888255795e-06
7.062457494030874676e-08
-1.031599440145417432e-06
1.666601565580718715e-06
1.401963334400897371e-06
-1.473342855048041661e-06
-3.815210900520192855e-07
1.160535581599334837e-06
-3.191955701259267705e-07
6.785526761884438839e-07
-5.485884758355346250e-07
7.822855294545688404e-07
-2.931031528210040976e-07
-1.465145006380381695e-06
-9.722501401777985343e-07
8.698886179587461393e-07
9.906817398166317001e-07
-3.263255484095424233e-07
1.524305114264740234e-06
-3.924878411632955571e-07
-2.100717265226763755e-06
1.326748365424797125e-06
-3.093939057813469104e-06
1.007044837340089624e-06
9.162818808275832049e-08
7.065627722601406451e-07
-2.073233553193926461e-06
8.467428013308339367e-07
-6.977450479846355048e-08
-1.616640940450157960e-06
1.091387093417225054e-06
1.943649326966118481e-06
-6.233679154486216930e-07
-2.387065836418588578e-06
1.652951170838844889e-06
2.172222218308697403e-06
-1.364400512794322265e-06
-1.636378998283780136e-06
4.489793559306060126e-07
-8.950429607785999810e-07
-7.645609100359535086e-07
-1.536829583323312582e-06
-1.354788970450478531e-06
-4.117577359390594425e-07
-9.522882355822855626e-07
1.208372050470281360e-06
1.132844308202389611e-07
-9.392691911737235949e-07
-2.318975722768873799e-07
-2.670693024124771559e-06
4.027575852919019159e-08
-6.873911263217680946e-07
1.511786061497254945e-06
-1.753683312713523046e-06
-1.109436966772950141e-06
5.863250929916534142e-07
-7.323121644177322304e-07
3.678043471418948441e-07
1.113794473815993421e-06
7.145363677353152253e-07
-1.667972832721960356e-06
-3.421910763119147554e-07
2.779528216716405745e-07
6.871456728559926820e-09
-8.273854290245621436e-07
-2.819261696606292226e-07
2.890965179659641948e-01
1.292901861794985008e-01
5.088365637305581890e-01
6.195709760994941862e-01
2.123923689284533955e-01
6.726962637368180120e-01
6.546003997836211674e-01
4.783957298033845174e-01
5.249534320425425227e-01
5.376402775609242513e-01
5.862246955722367758e-01
4.575660060060711687e-01
3.693297063365598154e-01
6.477360825912054088e-01
3.690536396249371465e-01
4.573565121146413448e-01
5.853219527516639875e-01
5.373938271275076062e-01
5.251452759636713319e-01
4.796533587810026811e-01
6.545458460662993971e-01
6.727137678986663261e-01
2.124455697432894030e-01
6.196472096056980794e-01
5.088206025946215849e-01
1.292565902322385940e-01
2.890990244363768613e-01
1.475035121833565556e-05
3.573484122491324899e-05
-3.904970145004619869e-05
-3.659408539107247051e-05
-2.363025881035566662e-05
2.318308921281087337e-05
8.463895441097963527e-05
-8.338941874019408168e-04
4.885387370016423900e-04
1.775984689193266838e-04
4.874007873059470284e-04
2.008883963094102343e-04
-4.497982335770794177e-03
5.412464817924675766e-04
-1.236567804156328597e-03
-4.218608213165583594e-04
-6.081035197224399181e-04
-7.287763206502122096e-04
1.012059438129968986e-03
6.041805987854038072e-04
5.591836227928958435e-05
6.584188133540193864e-05
6.045545439742782323e-05
6.235257413657275876e-05
-4.955475817442025918e-05
-2.064096607190904983e-05
4.861266551438675659e-06
3.321481075328353705e-05
1.731951617188215839e-06
-4.755157687766552269e-05
-1.359565745918457871e-05
1.733571120754589112e-06
5.924357451236311502e-06
-1.421432467138494750e-04
-1.093088790855895780e-04
1.295395029720081668e-04
4.753712362358425870e-05
-7.776134144071226821e-05
-4.909790273338165284e-05
6.542601491999638398e-04
-6.157514443852101489e-06
3.570865555655469118e-04
-3.846298065241886006e-05
6.379172699411086620e-05
6.792411065534599275e-05
5.133773482383537090e-04
1.493579791350309750e-04
4.343364779632593540e-05
5.408137380236784260e-05
5.608186808796293668e-05
-4.274826050463954226e-06
-3.773038379982152015e-05
-3.620883611048430251e-06
2.296389875905851293e-06
2.950479339834976612e-05
-2.962502386743987647e-05
-2.204403955411396944e-05
-1.086608928958932871e-06
1.529426272504432908e-05
-9.768833160365690779e-06
-2.867656813583312160e-04
1.948243386304432292e-04
7.555550047865147300e-05
6.196624226916039042e-05
-4.922367149382363876e-05
-9.019425701259788488e-04
2.288591247030616642e-04
-1.962948585863813955e-04
-1.549809477773365766e-04
-1.991818907323762201e-04
-1.973702949151094664e-04
5.095967311065933069e-04
2.146708711742220926e-04
1.111544669263443603e-05
2.155336180866061934e-05
2.639054263566519844e-05
2.066320574823692094e-05
-3.978343942652576076e-05
-1.229632042592750297e-05
2.247927081900850442e-06
1.492690552785173865e-06
-3.515236930448485050e-06
-2.647002827631659668e-05
-3.449209192681046929e-06
6.844997153779216788e-06
4.313941533430087858e-06
-6.837036814006453229e-05
-5.785017711466471449e-05
8.560524082068396911e-05
2.620400123079153257e-05
-1.522570121662279785e-05
-4.264856123710158818e-05
1.899559079148175256e-04
-3.490993845866931662e-05
8.905738545616785000e-05
-4.071709641423022026e-05
6.624428029380221632e-06
5.732580507588117512e-05
2.304960168647040880e-04
4.239455235741278676e-05
-5.609873271947573627e-06
2.312902735140871010e-05
2.238643764927784308e-05
-2.094499453225245506e-05
-2.814146883499031118e-05
9.687945989728355890e-07
1.819205281720154483e-06
1.903774698879403160e-07
-3.310602911700564544e-05
-8.744849929838327849e-06
5.064090025863561164e-06
8.773806715768973430e-06
-1.663021544464708928e-05
-1.126468457426787898e-04
9.453793293505979173e-05
3.026291627223341954e-05
-3.915464988991926064e-06
-4.296028176041849278e-05
-2.467163785226763792e-04
1.040298642904255270e-04
-1.776032018067985401e-05
-3.241413522005966890e-05
-6.586586563909983664e-05
-6.053237880188251652e-05
2.832056278104573988e-04
1.131766322361270197e-04
-2.172748603712854062e-05
6.747926607560740332e-07
1.218042108690306495e-05
5.690954860242792216e-06
-2.900270333712612054e-05
-8.700523424983435127e-06
4.099782473394762629e-06
-6.004487287455365344e-07
5.281560645412128153e-07
-3.095739583326461211e-05
-1.513653026141773486e-06
9.260303936460895159e-06
6.093700056667262893e-06
-4.241201582781282188e-05
-1.983621255825337545e-05
5.483866408228434700e-05
7.207897379686658242e-06
-1.315005692712859890e-05
-3.013289592802779327e-05
4.953021457126773118e-05
-2.868150138874353750e-05
1.252098225661273947e-05
-3.478145754550078647e-05
-1.822758618378828374e-05
3.990237650505076773e-05
9.965947814078757216e-05
1.609898124185467358e-05
-8.876182895132230449e-06
6.361327773577353150e-06
5.203590098048398518e-06
-1.351419513869605618e-05
-1.290667428927105376e-05
2.890144156906855660e-06
1.768326456557171193e-06
-6.243066317992280138e-08
3.799431327535467784e-06
-1.039678923373489292e-05
1.135767278932226976e-06
4.948556067094782480e-06
-3.122400856024334928e-06
-4.928053413071773945e-05
4.705100092625674583e-05
2.169171696567438710e-05
-8.947587535588522612e-06
-3.482039363139846785e-05
-7.211798910055716933e-05
5.530964887473341943e-05
7.509124760745165223e-06
-1.233049205065605296e-05
-2.185764010352524603e-05
-8.952630359974079593e-06
1.498779940701551591e-04
4.340505179370834872e-05
-2.532060645552640355e-05
1.115378975440150520e-06
3.308633329775807701e-06
-7.952725662383885731e-06
-1.601570653507000084e-05
3.689784377700914886e-06
5.412200545393159874e-06
3.367444988636299698e-07
-6.917336248736745468e-08
5.198461218044285425e-06
3.453853509420204890e-06
3.086492021788663666e-06
-3.688061333075380132e-06
-1.263460380614601721e-05
-7.688923731462084411e-06
2.448462360584070745e-05
2.465629910403487984e-06
2.966824986515285738e-07
-2.177538653250815008e-05
5.158230239985186681e-06
-1.591332456098596150e-05
8.340322243303834859e-06
-9.681207020121205547e-06
-1.287027804795299923e-05
3.663220522729948049e-05
4.738873265891711779e-05
-1.607587777770014882e-06
-5.659117857975794273e-06
3.854351455965638396e-06
6.253760601005760532e-06
-1.194085428161720491e-05
-7.974568035365926747e-06
7.151346503763710591e-06
3.584322364215443204e-06
7.005287912370338541e-07
9.371506167403276626e-07
2.808218103684613304e-06
9.012785023296064179e-06
3.969473322250076593e-06
-1.137973232966680332e-05
-1.615656109104213737e-05
2.684716213138085668e-05
5.759860952044960853e-06
-1.384827427033183880e-05
-1.001669238009365310e-05
-1.918533000685687350e-05
1.860415215932295958e-05
-1.485440257521097870e-06
-1.836773681157456928e-06
-2.336459264613385375e-05
8.904152353413859108e-07
7.517065481708134990e-05
1.906381102259987114e-05
-2.565437639417307434e-05
-4.147251577182168920e-06
-2.557277889637709724e-06
-1.388531700901321333e-06
-6.225552477822143344e-06
-1.604961540401748277e-06
2.162800146876635231e-06
3.066597385136244973e-06
-6.755611577076667623e-09
3.171539392446973887e-07
-1.555807870602588512e-06
7.772215441012543177e-06
5.248285507839924912e-06
-1.304378149002838231e-05
-3.134084273712618353e-06
1.464510003870625618e-05
2.054764928980519457e-06
-8.709771130955301665e-06
-1.035636861963419162e-05
2.475672013988440739e-06
-8.561587579262014663e-06
5.926384469893574878e-06
-6.811177053241229675e-07
2.320062869567475985e-06
2.294435818443317943e-05
2.620657874555040818e-05
2.565710765627962102e-06
-4.509112259036402356e-06
-1.418855797614686663e-06
-6.096088712022726412e-06
-4.795809008621076277e-06
-6.397127530202517997e-07
2.738274343551226489e-06
-1.239430127200912257e-06
3.070204932518752147e-06
3.368414936146065309e-07
-4.389303762897464804e-08
-6.019688381719436999e-06
2.415641110430523607e-06
3.590421112936856870e-06
-6.112412116534285121e-06
6.568171214004732414e-06
4.305912389504688150e-06
-3.425672397911586396e-06
-6.014150846278507552e-06
-1.085043912013400394e-05
8.125377101816376286e-06
4.852717370254777606e-06
-1.277886524737863854e-06
-1.604388267226038520e-05
4.202832734047341697e-06
3.409887893172804904e-05
-1.236970124241906910e-06
-1.467840644175855602e-05
-8.411822426940440259e-07
-2.844056272479918909e-06
-6.178338331283660344e-06
-1.636587072669486833e-06
2.800727995586239701e-06
3.716557924985910314e-06
-1.239147516912690194e-07
8.807383424556274445e-07
-4.380381797663240304e-07
6.807965061957131426e-08
-5.653151207470197378e-06
-6.809857078654331001e-07
-2.807689887550180382e-07
2.364010004471202329e-06
1.857287821017706549e-06
6.481106185140274131e-07
-4.262973595219277905e-06
-2.988408054509938655e-06
-1.101976611859860586e-06
-4.288668092329908317e-06
1.769943759498228473e-05
-6.409626493068806895e-06
7.828574910216811356e-06
1.304152936598871117e-05
7.949061840901902373e-06
-2.033202379684402749e-06
-2.407651290411555479e-06
1.961632999872422280e-06
-1.120856093841911794e-06
-3.672217717563688535e-06
3.922508782221728680e-07
2.675112050576192788e-06
1.175505379213900107e-06
3.989909866755605285e-07
2.493382026846148798e-07
-2.695186795464668408e-06
-2.638310437729431173e-06
-2.272169298829081611e-06
-1.959075962672175125e-06
-1.683696804608681604e-06
5.078778001155559832e-06
2.491527167569529883e-06
-7.433139209345117926e-06
-1.040625499997562242e-06
-3.423952738908268807e-06
-6.353306445369991608e-07
2.387075345021215541e-07
3.882665813315637170e-06
-6.351709681504117129e-06
1.554748921249631223e-06
2.388032583608978718e-05
1.395129611245702385e-06
-1.193854381847261267e-05
-1.598615551390448954e-06
1.913242743320631930e-06
2.123724241094389374e-06
1.201252384177783010e-06
3.164195341624131209e-06
-3.971303453153712681e-07
4.560769650314054872e-07
2.048405633759290655e-06
5.362681991087826435e-07
-4.180042964037829549e-06
-3.861955242884859419e-06
-7.283446293054915172e-07
-3.033102867706528120e-06
3.361678505166835414e-07
9.064892454790688916e-07
5.447871226286547420e-06
-8.928641130062761185e-06
-3.397601705267333790e-06
4.271119698349696443e-06
-1.189985069141273856e-06
1.252279061069180930e-05
-1.454722236133899057e-05
6.194767595998052828e-06
9.058205469765684943e-06
-2.212775735612922337e-06
-5.676686897825503499e-06
-8.942906847890437797e-06
-5.171510891006749337e-06
-5.995890526175597970e-07
2.522573613890806014e-06
2.916323485798173433e-06
2.787455271637853130e-06
-1.496518475788782263e-06
4.163032286843628626e-07
7.095544562407387431e-07
-7.037530941465631024e-07
-4.796233302985030518e-06
-3.386008866572637934e-06
9.417050023054450123e-07
-1.358292894158637874e-06
-3.906164143259339915e-07
1.277786932107705001e-06
-8.938880545589218909e-07
5.096564624745380354e-07
-6.219045721877064740e-06
-2.736551578067437465e-06
4.117241651471055080e-06
3.579926336712912108e-06
1.970209455301098924e-06
-2.974954337840979365e-06
1.493711263014492730e-05
8.336545383675641252e-07
-1.237948351496917164e-06
-8.064898143816693710e-07
-2.493189049759210551e-06
4.695921023770497945e-07
5.543111678105276595e-06
1.115762100798173044e-06
3.533085423506776061e-07
-3.446262458678880304e-07
2.578507695649135163e-07
-9.784104251942740383e-07
-1.574098493788638105e-06
-4.283564917026024723e-06
-2.305070794822726386e-06
1.598524110353825544e-07
