6.211726161593596196e-02
5.540503117343159589e-02
-1.350707434850741406e-01
-1.702444177757975186e-01
-2.459720729766056574e-02
2.103909807744695493e-01
3.077964642200388123e-01
-1.638517672502000921e-01
1.171525601973329445e-01
3.278331355552333015e-01
9.532189976843001566e-02
-2.070000694737176572e-01
9.708591078738813829e-02
4.230805387437688164e-02
-9.534252529278777755e-02
2.069065862392057142e-01
-9.487918849127441323e-02
-3.276099429523611217e-01
-1.168176216370823139e-01
1.624129873029831472e-01
-3.077770240446027206e-01
-2.104285520004274823e-01
2.457730345759686491e-02
1.701799780935172590e-01
1.350751590143206282e-01
-5.537405909439147011e-02
-6.212022029489974034e-02
1.345775594814277079e-05
2.252567254115078667e-05
-4.189659539532900029e-05
-1.954473197209619052e-05
-1.567624804312599005e-05
3.421638154029332948e-05
2.244955492643000087e-05
-8.174267572868186517e-04
5.052815516645713404e-04
-2.954810149747564530e-05
4.210482648739740839e-04
-2.488562071163198195e-05
-1.409990013881343845e-03
-6.243226299780925068e-03
5.201630395144898926e-05
2.324795119004696123e-04
3.694407249011750702e-04
4.800549571220517485e-04
-8.345526280379158505e-04
-7.803340315799883395e-04
-7.847636815035629546e-05
-7.347156207789558161e-05
-3.902593159662001628e-05
-7.068922538500587924e-05
4.153562067127138530e-05
1.541988275744696698e-05
-6.410270932602925112e-06
2.888004059302465694e-05
-6.463227256024650344e-06
-3.742801964774381478e-05
4.259275416852423255e-07
-9.615540247324068536e-06
2.768120945932611604e-05
-1.588884204098923243e-04
4.073433927206080335e-05
2.007385176951645704e-04
-9.183948950948243401e-06
2.612841136134034354e-04
3.997726832041333296e-05
-7.773665505759794854e-04
5.785042941180423967e-04
1.764843797969618919e-04
1.137002206572884335e-04
3.032216147117384910e-04
3.997973601395958467e-04
-9.271298303072653861e-04
-1.806110579745590550e-04
-5.762549370117209154e-05
-3.253889407340562149e-05
-5.092569126353805345e-05
-1.111842430175033999e-05
3.624356308316127313e-05
1.741888030867796044e-06
-3.611102917333232426e-06
1.489228330826429517e-05
-2.454583508866498346e-05
-1.071160859919360677e-05
-2.567394815407529268e-06
1.514635004641351704e-05
-2.461928629386594979e-05
-2.202991414471262279e-04
1.902751014060038504e-04
1.564266217451636099e-05
1.140675929755188839e-04
-1.848559520595371077e-05
-4.408369828480783741e-04
-1.236145937486428674e-03
2.102915230565873645e-04
2.170486768542416944e-04
1.660587701051233222e-04
1.607664966987235045e-04
-3.579406626091684394e-04
-3.638434225307960834e-04
-1.501285132418416350e-05
-1.792861639449456701e-05
-5.864381872783671086e-06
-3.326190061351376399e-05
3.289517452751082035e-05
8.389774491942428785e-06
-1.522950304486311903e-06
-2.711853879419237597e-06
-1.554226263007945212e-05
-1.834902834602999440e-05
6.034655397683831608e-06
-1.814031061744746555e-06
1.450283523292487039e-05
-7.622969288725536157e-05
1.360688837748563595e-05
9.316129017193106401e-05
-3.318724344112074286e-05
1.148699249630259322e-04
-4.712351375361713865e-05
-4.366539541996083875e-04
1.605446155526096569e-04
7.868973598113200053e-05
-1.555645679602651258e-05
1.777729902672965808e-04
1.835302745124418845e-04
-5.841527110509807906e-04
-7.452083787668442756e-05
3.546571614435455196e-06
-9.359285972170926007e-06
-7.407063490023899142e-06
1.491192050476759921e-05
2.061520620291156907e-05
-7.429338255922541410e-06
2.635160193223777534e-07
-1.279894094074491237e-06
-3.167799528218365646e-05
-2.685010325752290824e-06
4.700002059071772335e-06
9.907639828243072907e-06
-1.712395930205262514e-05
-7.452527560810278230e-05
8.786871428078745058e-05
1.318762860300511042e-05
3.948406617101552239e-05
-7.907524905237232034e-06
-1.755624874575392963e-04
-3.676280540593994785e-04
1.615264186491901014e-04
1.181885611398388871e-04
1.176536149328898800e-04
6.524990025849281906e-05
-1.965164851255326954e-04
-2.069493348600380273e-04
2.459105961558083893e-05
-1.110793576808250708e-06
-4.452950283734459451e-06
-5.520173272212460137e-06
3.563479998117429946e-05
-2.766906041474958403e-06
-9.787917642535806959e-06
-8.557710978049457875e-07
-7.998130515187322575e-07
-2.262091885332079616e-05
1.643770372107978629e-06
-1.659182561945439208e-06
1.203511678099882768e-05
-3.432763923138041891e-05
8.618095130755018521e-06
4.270376828270289258e-05
-2.249915132555125753e-05
4.971239848919004474e-05
-4.805162330995608989e-05
-2.177464613553348747e-04
5.193446530689879329e-05
6.336416321095741564e-05
-5.804518501799801709e-06
9.234083733954893524e-05
7.157543046134245230e-05
-3.565309903975184217e-04
-2.486933181240407606e-05
3.548546802860110097e-05
2.213548762587855822e-06
-3.910037077758045753e-06
1.331647356326432111e-05
1.419716618671582346e-05
-7.041874655994709267e-06
-6.430794682645881566e-06
-3.089451452886828984e-06
-2.504383258487993200e-06
-4.326454801391988893e-06
-7.688466018663018989e-07
1.882090276333953363e-06
-5.893383231756814650e-06
-2.461904783082377699e-05
4.041844976244890784e-05
6.851590710719111641e-06
1.477857391984076087e-05
-5.194975852413918204e-06
-7.682784339888113108e-05
-1.203817711412752232e-04
9.257697053414751741e-05
5.171614305031033035e-05
4.570510193491002015e-05
3.077604547252500835e-05
-1.234001832590098189e-04
-1.108138970514800788e-04
2.502925885110805952e-05
6.030532941691540638e-06
1.103200074263103271e-05
3.250180528524749524e-06
1.304790208287188550e-05
-8.340447956300591360e-06
-2.754178471530059847e-06
-1.297911664646924650e-06
-3.160593712859663823e-06
-5.813974590666760713e-06
6.273677417616827491e-06
-3.399036857242380446e-07
1.738791379303749344e-06
-1.736972946783744894e-05
3.931165868311897022e-06
1.946872323429003662e-05
-1.276253607024871341e-05
2.866376167533649390e-05
-3.089296139151309943e-05
-9.684727760608247951e-05
2.067418927811851055e-05
4.196809298414976697e-05
-2.555558339991447305e-06
7.818326564014772991e-05
1.746600995024484337e-05
-2.042777713508763427e-04
-1.168246702818929132e-06
3.656337976347208196e-05
-2.013777110923377584e-06
1.167949000184140377e-05
2.085678492265323613e-05
-4.467762754428512290e-06
-1.437352989184300765e-05
1.311129420825197102e-06
1.216235551014838957e-06
-2.352832511862739938e-06
-4.672236904277615008e-06
7.100758331924741012e-06
5.841330249219368211e-06
-5.801828763012686355e-06
-1.229967822255787976e-05
1.492092596229825099e-05
5.511602003275368347e-06
-8.610164198423522928e-07
-8.952195964598234379e-07
-4.079182685679471986e-05
-3.918513659373098047e-05
5.178044972721148747e-05
2.792990361259950282e-05
1.749179056934335662e-05
8.031401213317534803e-06
-7.497925459579862784e-05
-6.685965628662239601e-05
2.809910865808453717e-05
5.368040919512161849e-06
6.383418180559333161e-06
4.172742445817791255e-06
1.746018510516185592e-05
-1.035374372690659723e-05
-9.970324155865719894e-06
-6.027523757437678852e-08
1.260692742973578176e-06
-3.734437991321132682e-07
9.458994760324734678e-07
2.695153269312678655e-06
9.157073544936802052e-06
-5.810432656760159736e-06
-1.105930225243267147e-06
5.073608021894177307e-06
-2.775474533958741124e-06
8.846665858160905729e-06
-2.271619823093896145e-05
-4.567968967546718169e-05
1.264739095046049096e-05
2.314525729268013845e-05
2.940596453626148677e-07
4.316083472128095345e-05
-8.776297830446217071e-06
-1.168959163597927997e-04
1.282378796042916480e-05
2.914729686899719292e-05
1.687799581896432148e-06
9.122459905550827261e-06
6.267558456741506194e-06
-2.660671877305483009e-06
-5.449613625946362880e-06
-3.553274043937054234e-06
-5.157915505064515971e-06
1.236486508718368763e-06
2.210441464203511633e-06
3.204467088246333300e-06
1.053813620894592829e-06
3.589176075268499292e-06
-1.531829101881342434e-07
3.356917458907970201e-06
6.808676082696428141e-07
-3.241235487983526449e-06
-1.712838099573077045e-06
-2.075219662211663638e-05
-1.277058496714620759e-05
2.784851681446142677e-05
1.521934446086451660e-05
2.167970997778379878e-05
-2.755876171439837328e-06
-4.594158817895363457e-05
-2.917435553062756076e-05
1.794472208777953340e-05
4.367175516577811996e-06
7.935705707678593403e-06
1.057167508236479334e-05
-4.732175299596442121e-07
-1.072956972569941111e-05
-1.420120878848660411e-06
1.538893694270009319e-06
-4.918762391307943776e-06
-1.849708157315877958e-06
2.369878694932859795e-06
3.130141970259833599e-06
8.545694288507614785e-07
-1.564843317248619989e-06
2.805848024758059363e-06
2.474194778124145671e-06
-1.442683190820590037e-06
4.290627283787783864e-06
-1.140491069606152054e-05
-2.198218420956218931e-05
7.570664179286552062e-06
1.206216569784896659e-05
-9.091034630489997037e-06
2.226972117105422645e-05
-1.293555574129729982e-05
-6.969536831313060733e-05
6.285688589144028446e-06
2.612298944178484690e-05
-4.265047402975645197e-06
9.966078744966379193e-06
1.005535175469248968e-05
-1.040279761093469680e-05
-1.006302586037660974e-05
2.792941222884306850e-07
2.800989649731976214e-06
-9.461212318190696067e-07
-9.314660021355579005e-07
1.585796082312743305e-06
1.264564906314673267e-06
-1.130058887057757306e-06
-3.334080373146578877e-06
3.964729791834256821e-07
4.037117900108526931e-06
-1.937097725985538670e-06
4.740026688065919675e-07
-6.337462776581343656e-06
-4.899955320459171705e-06
1.306035502685253659e-05
1.498948832892908357e-05
1.192993024963328910e-05
1.530473541822834751e-06
-2.954582824408064903e-05
-1.239036271790920872e-05
1.183288461711173659e-05
9.364450846301288427e-06
9.206612026899169813e-06
4.072470428519158625e-06
6.912035574995193976e-07
-7.987781561435366802e-06
-4.516236314298008501e-06
-2.711753782186846231e-07
1.163085313328747369e-06
-1.150974400450895717e-07
1.314842566215863730e-06
1.771186377514876501e-07
4.703498997994456079e-07
-8.885170411044219350e-07
-2.826200834333220640e-06
-8.939035329149150460e-07
2.972931872053719194e-06
1.444179895186553178e-06
-8.546966201526312576e-06
-9.168677416214034438e-06
9.050931288899709102e-06
8.054207277671409068e-06
-1.242143241266282576e-06
-6.561209630717369523e-06
-1.686148322816755665e-05
-4.409314158044817041e-05
1.523098127943009444e-05
1.955499224008831397e-05
2.755964664923239331e-06
9.548826808557483843e-06
9.213382500829342877e-07
-1.358654719054623941e-05
-4.309541653319611150e-06
1.285153739107755721e-06
-1.613500024956734907e-06
9.384213174154183303e-07
3.332823100370310553e-06
4.575254227111067756e-07
-1.641679677599346498e-06
-5.601077830730530006e-07
-1.014741011367068908e-07
-2.440033224895001020e-06
1.114910578885693597e-06
-3.231135324440930722e-06
-2.834607558766291363e-07
-1.096438433976663898e-06
-2.595451853256542684e-06
8.826756957221152210e-06
1.490783955639335928e-05
1.523844523289675827e-05
-3.424915993789358807e-07
-2.459226562601526738e-05
-1.466193575172410724e-05
1.197663440665717507e-05
1.326287631891955206e-05
4.136410650339391909e-06
4.353476964970911293e-06
-6.391900009577943373e-06
-1.058042028351545380e-05
-1.079320532360941415e-06
3.326328956971364922e-06
-1.498542186002175034e-06
2.333578228216938842e-07
2.087721359876449994e-06
5.265987578262875301e-07
-1.392054964413261110e-06
-1.007396542595920750e-06
2.891022205418911084e-01
1.292741173104587082e-01
5.088300435357987483e-01
6.196125962645778751e-01
2.124193211175893770e-01
6.727054336630237108e-01
6.545763459328670653e-01
4.790304840391714780e-01
5.250502051420505856e-01
5.375182850195285855e-01
5.857796570856219631e-01
4.574611813879870814e-01
3.691979434360460055e-01
6.477360825912054088e-01
3.691968765501456584e-01
4.574606201587544385e-01
5.857772404769158170e-01
5.375197584832681619e-01
5.250533580617179341e-01
4.790307958591859538e-01
6.545739619459184366e-01
6.727061279962323059e-01
2.124233840865308032e-01
6.196122460592381476e-01
5.088299447755427751e-01
1.292760011085093974e-01
2.891021293644333023e-01
-8.768061092102455897e-07
8.280191175664690053e-07
-1.374563297193785564e-06
1.812288422410201464e-06
-1.408950386992304813e-06
-2.446817663392373860e-06
2.887638063936266812e-07
3.572215049963116412e-06
-2.956826660418192390e-06
-4.013292081712485725e-06
1.515646495365122592e-06
-8.405044433045303267e-07
-1.155772659572486530e-06
-2.212608041459006783e-06
-1.135638127157645013e-06
2.637738665641896531e-06
-8.552353900597702778e-07
-2.152187889423172495e-06
1.998444910480316667e-06
3.244988855748977632e-06
-3.204879045644837413e-06
-2.523912565776202186e-06
1.689201418734277530e-06
-8.286384361294074487e-07
1.155187715292777765e-06
-1.406688333840828371e-06
-4.012411333752617400e-08
-1.170821679520435096e-06
5.466306739682498980e-07
-3.060967108755426874e-06
1.762165128266999361e-06
5.445677585132419113e-07
-2.394083324353136237e-06
-3.400358916205467457e-06
4.510993593658317011e-06
1.815131071515827126e-06
-2.674402806624659251e-06
-2.078461071534328724e-06
-1.299455479708858556e-07
-7.539790117798142040e-07
-2.912381295082376782e-06
-2.870792002727237186e-06
3.991737240244308683e-07
-3.699424070750294759e-07
-3.779270063160467748e-06
-2.653084949240559041e-06
4.874354107852067649e-06
1.483165311281447128e-06
-3.339646211852075113e-06
9.697932619875051306e-08
-2.618674756168443860e-07
9.895687297348029692e-07
-6.258583451130619569e-07
9.042495538867611553e-08
-9.642300446797792507e-07
1.251180905692197507e-06
-7.541642781038755995e-07
8.919860373381619754e-07
1.076572899128327654e-06
1.441091298521590652e-06
-4.120830386151256691e-06
1.347145489061529887e-06
3.560510165882750177e-06
-2.041284112375642819e-06
-4.198523734092360079e-06
-9.777486335176016059e-07
4.673748982554212650e-07
8.287001290506692401e-08
-2.127347316342225086e-06
4.768316666865047691e-07
2.145205172289839361e-06
-1.529292519334072954e-06
-5.986181494045276835e-06
2.635073322640589820e-06
2.625190909129251966e-06
-4.161795970594636720e-06
-2.725197990435019061e-06
-3.385265569245711922e-07
1.171068285217773590e-06
1.018110783202627100e-08
1.254663712081460540e-06
-7.647384367980256808e-07
2.957865794009585334e-06
9.860090639348083398e-07
2.236573094360185854e-07
-4.203010659649469979e-07
5.119514116442055302e-06
-3.312626063719479999e-06
-1.979866807545498394e-06
2.090588501001208342e-06
3.987599181019213294e-06
-1.284854634131026834e-06
-1.910218649998034925e-06
1.412114303230267497e-06
5.270233794013686718e-07
-1.877118333084216361e-06
-1.069561521208236448e-06
1.372845773586873270e-06
2.877443117861681741e-06
-6.176097945757787543e-06
-2.640155688693257425e-06
3.415334578915906051e-06
1.696207060239932825e-06
-2.797998463802047210e-06
-9.970571465220756716e-07
-8.005138376547454651e-08
8.737959144933105099e-08
1.070416080244552646e-06
-9.170893284809928597e-07
2.777488794483815363e-06
8.495286493615471533e-07
-2.663934449953014501e-08
-4.383461539695168379e-06
4.144323944539352361e-06
-2.723830538204837235e-07
-4.471227862365308498e-06
-1.216207388192166164e-06
5.996677466285382241e-06
1.036848881916397469e-06
-3.716950641414280999e-06
9.188802599365667317e-07
2.189834164288244497e-06
1.662753007335634885e-07
-2.017889654568691715e-06
2.616820771023068248e-07
4.234950992995363027e-06
-3.138291240449209178e-06
-2.514565853563452393e-06
8.903894099126305613e-07
2.458682694371711061e-06
-8.835712250221300197e-07
-2.389568013515028928e-06
-2.942680753632625789e-07
-1.147124969236120641e-06
6.491778785120840109e-07
-1.540091061345904492e-06
6.714060773594495071e-07
2.618137737648822540e-06
3.586541550554021001e-06
-5.736273183103285774e-06
1.685352137666151083e-06
2.837557135680850366e-06
-1.064614884526032167e-06
-6.269236198553477016e-06
1.324177938917643070e-06
3.524880456110593024e-06
-1.827376904916222980e-06
-1.001038709046876654e-06
2.847744511968257828e-06
8.942304749724845153e-07
-1.135140841866335523e-06
-2.005501111257033007e-06
4.221625456414806823e-06
2.439595367348865485e-06
-1.238154308127670010e-06
-2.205503659043063295e-06
3.097149582445925189e-06
1.305997203495094980e-06
-1.312538914185409640e-06
-9.224284187648946939e-07
-6.642880550583081731e-07
1.071289572715644679e-06
4.841461403074338156e-08
-6.914028442238158605e-07
-3.354281381688200211e-07
5.941039436832438429e-06
-2.515916421834701080e-06
-1.794927135224131300e-06
3.379847064812837662e-06
2.587744669420129565e-06
-6.496307451688304042e-06
-2.598470119876290215e-06
3.434074309482861884e-06
2.008916001010574642e-06
-1.394255019143190420e-06
1.888543920442738061e-06
2.635822851269341462e-06
-8.439374852294977612e-07
-3.427507287050598860e-06
3.193294560896625191e-06
2.764532616143343921e-06
7.059301555179353441e-07
-4.404240367710112306e-06
2.687023612153145631e-07
3.534589591650584877e-06
8.568842627677092475e-07
-1.413832849710336613e-06
-1.283498521239637804e-06
3.710073518029959798e-07
6.750305420946147822e-07
1.381858472147315523e-07
-4.148367525636085954e-06
4.784015844971480449e-06
-2.147755802923095105e-07
-3.276630088366567042e-06
-6.839177897416972789e-07
3.914444100384655073e-06
-2.524691262302583471e-06
-2.769493054000669917e-06
5.072852117133724489e-07
1.869985422817969283e-06
-2.243148995991372152e-06
-2.830497306411430705e-07
2.532502098645407858e-06
1.007662719732639323e-06
-2.512523753628138627e-06
4.844949351481173965e-07
1.154494290373606071e-06
5.184101591186298544e-06
-1.211613431238171993e-06
-1.908477270085200447e-06
2.009494567154661731e-06
1.799207079276570889e-06
-7.152934199411312231e-07
-9.657558687515220745e-07
-4.299536831783591203e-07
5.695733342991596043e-07
1.462298478605082376e-06
-5.714558269028503102e-06
1.371870862225787556e-06
3.606525952210839440e-06
-2.003968500813959145e-06
-4.066774945851418703e-06
3.777016151074392193e-06
5.880579359652819361e-07
-3.131295243469306853e-06
-2.778237154815701014e-06
1.747354206155966185e-06
-1.365696604781391358e-06
-2.218797424477857676e-06
1.799112755738397011e-06
2.166193025789075682e-06
-2.553292861394963434e-06
-1.461201206114737616e-06
-1.556358886893599831e-06
3.437715698085401369e-06
9.035565615775261131e-07
-3.163981794409054586e-06
-1.224594406011410941e-06
1.616142995912210733e-06
-7.433920941536133035e-07
-1.113491343362228400e-06
-9.937728119920785154e-07
4.547827950647120739e-07
2.767569518883020146e-06
-4.853719306241252082e-06
-2.046095826083566243e-06
2.517812294823780385e-06
4.328883423327931847e-07
-4.658025055303360677e-06
-4.633511229178080791e-08
1.864900479889398856e-06
1.318848385885910329e-07
-4.079753786811860072e-06
1.206177007449604361e-06
6.530522850293046583e-07
-1.485706173412777229e-06
3.896424110547679307e-07
2.640100351810337401e-06
2.888224604050715286e-08
-1.425526779961128917e-06
-3.007142671744009039e-06
1.957319884691170000e-06
1.129014224535084099e-06
-1.407774409326425869e-06
-2.795456344383538416e-06
1.310366973609681324e-06
-4.673989890013427607e-07
-1.790526597938106006e-07
-2.708799143650158956e-06
-2.676046728788755572e-08
3.278585404310502620e-06
-8.801312014556727521e-07
-3.048153075739054059e-06
4.937590376171797537e-07
3.671731139520332676e-06
-1.582038727016828253e-06
-2.546746786007030161e-06
1.318238788552561547e-06
3.264088884948527111e-06
-2.251633024122653028e-06
-1.357509078330235939e-07
8.179783890911606527e-07
-2.100326524898559766e-06
-1.554805147874195450e-06
3.071973146065732485e-06
2.049154359644986723e-06
-7.281245504598326661e-07
-1.994505887652772287e-06
7.207112605766371780e-07
5.888267270536640352e-07
7.640973466553870055e-07
-2.103798563839917930e-06
-4.767539439969661835e-07
-1.381249903689419044e-06
8.682212817713876273e-07
-2.610863357774065951e-06
-7.976869424270012360e-07
2.184886895708577403e-06
1.142880044767643224e-06
-1.712439565453868374e-06
-2.056147038826443536e-06
1.610660090347136290e-06
1.331542174531329549e-06
-1.519725726436499554e-06
2.191781936640665689e-08
4.505294850654122506e-06
-8.339114710693282404e-07
-5.343644032686406938e-07
2.540721648683252190e-06
2.191906330202978336e-08
-1.080818245475724725e-06
1.759121220779824612e-06
3.591122178856554019e-06
1.969150875014225414e-06
-1.023409750783351551e-06
-6.380537655329641137e-07
-1.423554167457491481e-07
4.488781451391042779e-07
-1.557444053847480750e-06
-7.271181956047650394e-07
-2.679850458359252956e-06
-1.062502060461369158e-06
-1.122509170564856697e-06
-1.211624240634911566e-06
4.622658031549523345e-07
2.057663340301092058e-06
6.293477786189630203e-07
-2.933699012000961575e-06
1.226653356393714824e-07
1.586444618626097777e-06
-1.200767292775976778e-06
-1.983176441130295169e-06
2.246615852457211574e-06
-5.129308799974529625e-07
-1.788214081978253204e-07
2.939216836692956213e-06
2.099193830080324150e-06
-1.009831804600664749e-06
-1.547169599020627507e-06
2.840952556330056386e-06
3.444781136240196314e-06
-7.087636398480481365e-07
3.151739603570001948e-07
-1.828600477693833154e-06
-3.142637462254811162e-07
6.155137100626019241e-07
4.110680395929618359e-07
-3.352821366629024568e-06
-2.470441198586044986e-06
-6.125382284255686578e-07
-1.420872976431759414e-06
2.395509313736412546e-08
5.431189061116868106e-07
9.150623226833465253e-07
-1.482334285677518089e-06
-8.215224647185346130e-07
1.050750786389848768e-06
-8.847798923511507078e-08
-1.888984406816927080e-06
5.686298955921569945e-07
9.865404835280034902e-07
-2.298466004553952848e-07
9.317899990327195633e-07
1.475574280279073413e-06
-1.603169659252595080e-07
-1.480573891684981895e-06
5.525162117003903089e-07
2.622879509463331268e-06
-2.650580810485933202e-07
-6.563223326276093590e-08
-1.534879285737575370e-06
-7.392103134799777678e-07
-3.207271978530223541e-07
4.931753504717989858e-07
-3.297065540348443193e-06
-2.998898701547614046e-06
8.401970698793202301e-07
-1.415557598900657941e-06
-5.445422297780597063e-07
-4.536514167013423180e-07
7.768668277616838679e-07
1.491057790829110566e-07
-1.798494083158959968e-06
-1.622664789618119654e-07
7.062499854830419916e-07
-9.661185343194278247e-07
4.056745218049090930e-07
-1.778703641672960356e-07
-4.983135203960787243e-07
-2.632828140503731580e-07
1.790644701972620516e-06
8.572293373667237988e-07
-1.019011541604730433e-06
5.244351864794102293e-07
2.294464621748072500e-06
-4.093995281415136175e-07
-5.453464657515956120e-07
-3.886977706611389048e-07
-9.696206227294466187e-07
-7.265449274813027273e-07
4.795072373293036125e-08
-3.111211875923050710e-06
-2.515642736592208291e-06
3.240582941216956159e-07
