6.211594667030623240e-02
5.538044107426526308e-02
-1.350847048716889709e-01
-1.701796517113055851e-01
-2.457277536493241224e-02
2.104466240556841783e-01
3.078949654377736711e-01
-1.630280226749026284e-01
1.173935233411559087e-01
3.275081927628910039e-01
9.507639943204658495e-02
-2.070570840186879147e-01
9.643448145014116291e-02
2.357234452537490109e-04
-9.599393948278402144e-02
2.068493919940286585e-01
-9.512048646740885183e-02
-3.279265397215491706e-01
-1.165765451444414902e-01
1.632368307000617302e-01
-3.076757134964343554e-01
-2.103728796893965525e-01
2.460173212982282379e-02
1.702447786353019910e-01
1.350583912806914144e-01
-5.539863956029428965e-02
-6.212351686391909961e-02
-1.115512531014416231e-05
-1.894101019323964132e-05
8.400554817766347536e-06
5.248630931289664450e-05
1.861534493808330913e-06
7.902757347798187277e-05
1.835150664451811516e-04
5.288564205625888434e-04
-1.146389782626566138e-04
-1.824854267302573028e-04
3.568287001323969428e-04
-7.318490402840880965e-05
-4.710442389944041047e-03
-1.292589444363179737e-03
-8.100944769783197151e-04
-7.212053096789755959e-05
-4.929462940293989929e-04
-5.759989467184631557e-04
1.109891048516883005e-03
-6.873129631981521868e-05
9.592308369212107359e-05
2.275983516023317614e-05
4.548736954168028308e-05
2.280986892558735103e-05
-3.158244528517828778e-05
-8.342292584878565378e-06
-6.079829659621018214e-06
-2.087648684496981298e-05
-2.704627584046798163e-06
3.300949298507694355e-05
2.181064846307968394e-05
9.188804014183992036e-06
3.421110094116182993e-05
1.211173132451618236e-04
2.101524713601603386e-04
-1.151872619650528336e-04
-3.059363788863353982e-05
-1.261391152741457718e-04
-5.838818924504397638e-05
5.801634175100652251e-04
2.976692866295935669e-05
1.793679115111193156e-04
-4.353243907649878130e-05
1.326941552825757658e-04
2.294904408446272689e-04
1.474220930582606135e-04
-5.422358526436041874e-05
1.318841337405170907e-05
2.190001350070405105e-05
3.634958913213471216e-05
-3.090368755681239312e-05
-1.109984416190886594e-05
-2.887414087919707575e-06
-2.884715332081574163e-06
-2.389076331365737828e-05
2.132509110227975580e-05
2.648426318993385556e-05
-3.748459616368187249e-06
2.825450147113860530e-05
4.033322294501534913e-05
1.867401974179539912e-04
-1.167622777639378315e-04
-1.250610582069692611e-04
7.363299843255290481e-05
-1.444977632433552860e-04
-9.123858731960296292e-04
-1.733501861898703372e-04
8.726968671918001612e-06
8.540036942608610559e-05
-1.662712229212872045e-04
-1.059750188430294598e-04
6.042590845108081849e-04
-1.470623512036746991e-04
-4.287620633328337950e-06
-1.712330745250998875e-06
3.025709464371452196e-05
-1.591754008163530275e-06
-2.959067240373485722e-05
-2.234930779513524665e-06
8.775760291901807562e-07
-2.296880545249752352e-06
-5.145583883612796573e-06
2.690944713291890252e-05
1.217038476711526243e-05
2.638197297154911144e-06
1.546284697088685993e-05
6.291357423138141088e-05
8.954064023386687141e-05
-7.971406941423894027e-05
-1.777675849503584696e-05
-5.576555958431968305e-05
-5.147686099836215173e-05
1.570344415967014678e-04
-5.024065560760087538e-05
8.665509836872671765e-06
-5.897088574975117983e-05
3.754081076313878462e-05
1.252890283044646199e-04
3.598506320523502014e-05
-5.094507535694003578e-05
1.359452394931748699e-06
5.268067718389599167e-06
2.734860564080748022e-05
-2.503843795111458575e-05
-7.188927952204703797e-06
-2.819664840386311205e-06
3.289679002866868646e-06
-2.811422982482229015e-06
1.759050414293652660e-05
1.691491933589644290e-05
-2.205710002905032234e-06
1.567375170872652252e-05
1.158645252124877186e-05
8.065491201004902817e-05
-6.573407582655131415e-05
-6.020542147285157090e-05
3.402135970295247394e-05
-9.192231992224074964e-05
-2.404197587231801658e-04
4.133174681827751551e-05
7.328748449064576812e-05
6.078743120027783507e-05
-8.899703560302056073e-05
-1.301090147156720646e-05
3.314203234490498465e-04
-1.233913314243067117e-04
-1.646199466461479961e-05
3.944925071300506235e-06
2.607426614637725595e-06
-7.433245867745447950e-07
-9.012067901522084851e-06
1.586979653582779842e-08
-3.910791908112744930e-06
1.864353453856737107e-06
-1.976350167726766560e-06
2.173428470937713286e-05
4.206044322269462035e-06
-3.346488302020463660e-06
1.091856102300302361e-05
3.024103466172045157e-05
3.482124380263532456e-05
-5.136341713904162725e-05
-9.669957992437782027e-06
-3.237535763918293819e-05
-3.018185753520824267e-05
4.677530990030698673e-05
-3.126838810302116911e-05
-1.015925826449792799e-05
-4.474566284911480880e-05
2.768916539224051054e-05
6.735099342777969237e-05
4.069826296624324347e-06
-4.278280958628478221e-05
9.005864571939391675e-06
4.840293526647990024e-06
6.104141831322222711e-06
-2.349324362224840243e-05
5.487843312310058728e-06
2.947710294097462606e-06
-4.074257197675324710e-06
-2.090129317645619577e-06
2.630901289798690233e-06
1.270272600904255849e-05
-2.995268478014312466e-06
3.599088049959693557e-06
4.747862474064225353e-06
3.428233322563428888e-05
-3.314032385206953533e-05
-2.682855779772884156e-05
2.134565083474209042e-05
-5.326931281214049009e-05
-5.664337439145909823e-05
6.542035937808026683e-05
3.501091589605728456e-05
7.770554393974826320e-06
-4.798506767382609920e-05
1.134513523154157383e-06
1.709828457291330984e-04
-8.967024162540220900e-05
-2.169264358331536208e-05
1.094561220822662800e-05
5.563635060572557104e-06
-2.313844597047221741e-06
-1.239586964136184789e-05
1.084729266284525604e-06
3.268136812036129572e-06
7.258157571662261770e-08
-2.878950430867419183e-06
2.979192675137822848e-06
2.233134007368458130e-06
2.919965009112275396e-07
2.691586660141238387e-07
8.609434568809384166e-06
9.525135119435545713e-06
-2.616372390429720713e-05
-8.022171915874973930e-06
-1.176818014345769331e-05
-1.572052133184217274e-05
2.370716415642030431e-05
-1.302131112593176649e-05
-1.064087530188518175e-05
-1.167070772450505312e-05
2.335767561813452436e-05
4.551636376293497166e-05
-7.449504841901542569e-06
-2.027027174737284170e-05
6.039863768336317228e-06
-3.936239280354639013e-06
6.305755929010510357e-06
-6.180806945986105028e-06
-8.385112532680721119e-07
-3.818488239274274516e-06
2.343567318365049309e-06
2.261467621542133736e-06
4.955909377829364987e-08
1.000179493673493910e-07
-4.915423477547245877e-06
6.490617430851148756e-06
-1.373429818409066315e-06
7.133369876439932565e-06
-1.781681723758237241e-05
-1.083510935388034524e-05
6.228911435893772080e-06
-2.872024077882331456e-05
-6.630761871344476834e-06
5.092437350312017870e-05
1.055657123993314510e-05
-8.173556156841293202e-06
-3.327445245062971029e-05
8.272718072838645547e-06
8.362497485137788272e-05
-5.849400097134221444e-05
-1.563359528708489565e-05
1.149568605844653622e-05
-6.126715968271522808e-06
-4.109425898297210012e-06
5.220432659942547789e-06
1.322922380673510990e-06
-5.214249073232927721e-06
1.612985853670405281e-06
1.686250152478638490e-06
2.114207701883037249e-06
-1.357529603502728926e-06
-4.815099095327808173e-06
4.216033582704935558e-06
5.299952500965488954e-06
-1.949140376715264303e-06
-1.475282185734957092e-05
-5.364882217808682104e-06
-8.131273463778315236e-06
-9.387073414709358539e-06
1.367516945399717716e-05
-3.504564894645897140e-06
-1.054260592227379299e-05
3.441401443015444202e-07
3.640091059194052664e-06
2.370279735012879158e-05
-6.836996713395449373e-06
-1.286209325780869164e-05
7.180442496403095246e-06
-5.194801469797666958e-06
9.353069683728910499e-07
-1.011041581950804073e-05
6.837854123216924207e-06
3.131971334975909250e-06
-3.433342644791644953e-06
-3.482667956789267776e-06
3.501196206074631689e-06
2.904076671930153603e-06
-2.858059095771820826e-06
-4.782182346284818267e-07
-7.688524373815979828e-07
4.931722521888720096e-06
-7.934725905332660201e-06
-5.867387500990276286e-06
9.328029846510151368e-07
-1.720174632743033086e-05
5.323160790712200955e-06
2.941963416989139894e-05
1.406365071483615394e-06
-8.718198531998726052e-06
-8.659477638586152983e-06
9.340597725446328012e-06
3.713343686452690614e-05
-3.579035315281139815e-05
-2.950073722828782882e-06
4.751210875214414628e-06
-3.068273945355294907e-06
9.416639371084720621e-07
-1.182941608080922232e-06
-5.466540429794495412e-08
1.709383451897304878e-06
2.762859954720900898e-06
-3.997187632489698182e-06
-5.049369839399128974e-07
8.276534706575256479e-07
-1.121266057240916259e-06
-9.935583199569278500e-07
-6.465596839289215272e-08
1.222733867756397341e-06
-2.775567030601254682e-06
-3.465476250177748734e-06
1.782335710583229419e-07
-1.633110852391606265e-06
5.473227591021148075e-06
-3.286971977258231470e-06
-4.521843991926380104e-06
-1.040595958357837316e-05
3.692233367808930871e-06
5.742014418659663154e-06
-9.906461150767528566e-06
-9.002865001829314090e-06
2.111548927279053897e-06
-4.783839186720787239e-06
4.742979823734453822e-09
3.389678853277925245e-06
1.107644101017279245e-06
-2.180008051645713089e-06
-7.617671088012006985e-07
4.583402876807303586e-06
6.603270963961567651e-07
-1.172780036025634203e-06
-7.672523796508615911e-07
-3.066637906142496635e-08
-2.347447041140706605e-06
-2.229809578480501500e-06
-1.589762221176509675e-06
5.513397470158405694e-07
1.786880348171779620e-06
-5.263064475724936159e-06
9.814615463568399653e-06
1.443936084848618637e-05
-5.347999066829546036e-06
-2.229423820616857463e-06
-2.172795318947437199e-06
1.474437601019416010e-05
1.740863418040788148e-05
-1.895300651177467692e-05
-4.755923537520978419e-06
8.873281780675025757e-06
-3.010104525813203713e-06
1.761087250785474172e-07
5.032674303366301692e-06
4.751076701106040691e-07
-2.083050944234479834e-06
4.286395272998137010e-07
1.905471762526159994e-06
2.641986727755865621e-09
9.518567518643319753e-08
-9.372529737633831396e-07
7.496180770788041577e-07
7.687756436975681637e-08
-3.232398955510000954e-06
-1.411169212318566818e-06
-3.363196765280239432e-06
4.187256645051424939e-06
2.624272359594658859e-06
4.919088397792858619e-06
-7.773406545529518309e-07
-3.193673355027297785e-06
-1.268914892641375951e-05
-1.143461297276726511e-05
1.507242581267168731e-06
-2.325294947523046641e-06
8.750343037277632566e-08
-6.385185686858485929e-06
8.733611834283857318e-07
2.539990016790905607e-06
-2.583871896345677492e-07
3.466898923632572900e-06
5.943963741455494343e-07
-1.631314690785365223e-06
-4.699894178017988381e-07
2.435829921077876685e-06
1.552207641643007294e-06
-1.515262148462789408e-06
-2.176729354268901432e-06
1.522247497895722348e-07
-1.369406793918659686e-06
-1.237518222756198235e-06
-1.976249482303984407e-06
-3.501260849934099049e-06
-3.112971028049041545e-06
8.707525510824111028e-06
1.298552765582313356e-05
-5.467704279379806326e-06
-4.662435603739919077e-07
9.488283732040564544e-06
7.146622768072996355e-06
8.747358189115452437e-06
-1.523497486500218664e-05
1.106518903928673770e-06
2.771443747337339163e-07
-5.880526102001769337e-06
2.396119250389535600e-06
2.977034709266397003e-06
-2.052053794457873513e-06
5.366447795403343785e-07
7.161132488427317151e-07
8.800806576151562793e-08
-3.432135043086173736e-08
-4.325751043086699769e-07
-1.292750552196457138e-07
-1.177513104012967913e-06
-5.062804673152365507e-07
2.890947679279575744e-01
1.292688414254908602e-01
5.088305160929996740e-01
6.196068644917461787e-01
2.124150429959789088e-01
6.727028403945882751e-01
6.545759872215479724e-01
4.790232223812761481e-01
5.250437025670168234e-01
5.375129820987388785e-01
5.857735015661281741e-01
4.574603127715877737e-01
3.691952050240117633e-01
6.477360825912054088e-01
3.691929055322876185e-01
4.574594684783838683e-01
5.857705901641356849e-01
5.375155203886949895e-01
5.250476570541758869e-01
4.790237833362419040e-01
6.545748698062471282e-01
6.727046194700864179e-01
2.124202132517170050e-01
6.196072703754034183e-01
5.088293774926554436e-01
1.292732237902851911e-01
2.890960679209888529e-01
-7.357832234338715903e-07
3.976199058909671259e-07
-1.167025914961175497e-06
1.660587832618414883e-06
-1.640838347194694447e-06
-1.740641900392950295e-06
2.594586463249549593e-07
3.483410117654652849e-06
-2.679213202719592965e-06
-4.046218312074715766e-06
7.500975373259657925e-07
-1.418182180254217435e-06
-1.482991162323827419e-06
-2.201990190812609992e-06
-1.161498566556031288e-06
3.157618712273707011e-06
-7.615966927287738151e-07
-2.368027708574649763e-06
1.971557640046754917e-06
3.389857545482242522e-06
-3.780547390102079980e-06
-2.840149759366840550e-06
8.312021522173866147e-07
-1.340783382467320364e-06
2.129288281721183586e-06
-1.087224283399505250e-06
-1.076142259453664536e-07
-1.692470201944479960e-06
1.032031437062002000e-06
-3.204097295447911432e-06
1.243780598557053954e-06
-1.736276342613123051e-07
-2.802971721623930300e-06
-3.319142890871485156e-06
4.457202031982046324e-06
1.556968040253736325e-06
-1.999574981173954383e-06
-2.269311660894965241e-06
-4.042142274848697420e-08
-8.742315723479791329e-07
-3.563283003898286179e-06
-3.336901507376125235e-06
-1.844613916737947137e-07
-2.877934604293458232e-07
-3.365228147351888952e-06
-2.814753759191426276e-06
5.353648662658704061e-06
1.803781716650799925e-06
-3.065350860700581327e-06
1.131155360416501481e-07
-1.130194383797780789e-06
1.910223615087033640e-06
-6.608147462149361026e-08
-7.028080531404500894e-08
-1.006470341463105634e-06
1.150002360663397355e-06
3.387301401632148792e-07
1.198153117936375332e-06
1.058964032060827463e-06
7.785700657146012390e-07
-3.991360378697181459e-06
1.879565830311852652e-06
3.386560492096707177e-06
-2.140879113402341552e-06
-4.175080481197488146e-06
-1.231481363684335952e-06
4.894622261252110754e-07
8.268263111396673800e-07
-2.046709978153290743e-06
2.938160888055826127e-07
1.640435486964143273e-06
-1.757197147962471056e-06
-6.287878587561442988e-06
2.606219966022921488e-06
2.362793734519415839e-06
-4.588346664123761305e-06
-2.870424405748581449e-06
1.441644163032152627e-07
1.275230640426197819e-06
-5.392877367640235595e-07
1.833657135515884946e-06
-3.601965082645751827e-07
2.706372008185641391e-06
1.464561823862611394e-06
8.197922976927128402e-07
-4.597376645969835893e-07
4.677350410594928622e-06
-3.218700237995695384e-06
-1.662094683906958222e-06
2.080671134624427124e-06
4.580649859165349669e-06
-6.837800325098802799e-07
-2.047693782052686715e-06
1.044833659640398788e-06
9.103028553883981423e-07
-2.220420151987780063e-06
-9.809541316409921390e-07
1.264881162355681007e-06
2.948365737979928735e-06
-6.386542433918961129e-06
-2.092909795442014789e-06
3.267097037688485927e-06
1.368837607312769108e-06
-3.284570832136727566e-06
-5.724473933964085476e-07
8.012241853992189741e-08
-5.943910537777685474e-07
1.409627523591898595e-06
-7.217836554548401944e-07
3.180314133265250258e-06
9.890290586324944640e-07
1.520206920953580986e-07
-4.232969235963806878e-06
3.638660064897963735e-06
-2.084346051719955951e-07
-4.549565439997016350e-06
-1.854291681241852232e-06
6.226270140875120241e-06
1.466439159764681348e-06
-3.523651234713874028e-06
1.324663295303420694e-06
2.370776371104380474e-06
2.569409463062085650e-07
-2.448492759396154377e-06
-1.997165321977386874e-07
4.485699808680160082e-06
-3.608238054263093308e-06
-2.216234957347220532e-06
8.350112281781624932e-07
2.074222967733281892e-06
-3.167600824434678237e-07
-2.619068117013663817e-06
-2.950255836578935411e-07
-1.555278792812545895e-06
6.068711291256865073e-07
-1.539405227040292764e-06
5.231383757896747276e-07
2.959740085063391783e-06
3.704541287520963605e-06
-5.246174968320206930e-06
2.067397051952773463e-06
2.358652849275945890e-06
-1.024008100050977631e-06
-6.538065570939852899e-06
9.256596189086367361e-07
3.823563808960641364e-06
-1.718971660116520267e-06
-9.060931736105840225e-07
2.583612137362440324e-06
1.234611127797291176e-06
-5.019691573451274392e-07
-2.348537688580860853e-06
4.460900573477871633e-06
2.840292559037406189e-06
-1.184035719404258003e-06
-2.141235070413847895e-06
3.097381328499474377e-06
1.702798401769609951e-06
-1.396484924268463959e-06
-8.599119534479337526e-07
-7.596863059373272801e-07
7.246706906037488902e-07
6.351200713716161493e-07
-5.917322983770931819e-07
-3.339983738008616848e-07
5.499655820241933235e-06
-2.203300800244891287e-06
-1.165973551663265147e-06
3.522107482545476886e-06
2.226190108703737074e-06
-6.303528378476499342e-06
-2.974620921136356472e-06
3.423379374957220551e-06
2.907989848795069977e-06
-1.150241138081788609e-06
1.679603668603921518e-06
2.492838174205747129e-06
-8.955863769256183057e-07
-3.156342806900730833e-06
3.625445177263647399e-06
2.941775497623932826e-06
5.980646961659091751e-07
-4.205418842737171035e-06
7.219660709178258271e-07
3.748439046124174131e-06
2.363232248088931016e-07
-7.078275941839142125e-07
-1.270706103680241333e-06
8.352426354466638025e-08
9.488514252149867134e-07
8.957667880373594224e-07
-4.428970016163417158e-06
4.369877488886618130e-06
-2.526904315425605983e-07
-3.043748805495751530e-06
-1.339886628820037755e-07
3.757611431669706486e-06
-2.816496582661938186e-06
-2.551431719933198869e-06
2.836026352958107402e-08
1.878630187847326257e-06
-2.316089831966886208e-06
-9.004998339074951383e-08
2.245317965973551897e-06
8.849321485249500787e-07
-1.880177758688531495e-06
1.073298127759414209e-06
9.048969335278419234e-07
5.306150197785922680e-06
-6.350657606713181395e-07
-1.976833634963267997e-06
2.072763182920186036e-06
1.075193430636341955e-06
-5.327335313074931600e-07
-8.734537499642688949e-07
-2.449690776323781120e-07
5.464926229281344468e-07
1.651694428617657812e-06
-6.032753559989343652e-06
8.861085072269365599e-07
3.624870448543503948e-06
-2.077341467068644152e-06
-3.721692720066251677e-06
4.083494180042751038e-06
1.952537183483169071e-07
-2.939561024760679475e-06
-2.703304176315807262e-06
1.029565725520720417e-06
-1.769722632592579286e-06
-2.100315851617358310e-06
1.165117079523898651e-06
2.425526318922556813e-06
-2.292357876682942276e-06
-1.458015029529890943e-06
-2.009059661458553204e-06
3.369635617238677605e-06
1.517971750891011244e-06
-3.750286263650381275e-06
-1.523300514326986111e-06
1.833039890556246463e-06
-1.413294654162585188e-06
-1.584885828145928642e-06
-4.720511028419019085e-07
6.095306201596054174e-07
2.757246188942943215e-06
-4.822394917934013775e-06
-2.296686900227636172e-06
2.060632996933930969e-06
-1.553885330216057882e-07
-4.119836620565520904e-06
1.280099060345628842e-07
1.821755707077441490e-06
1.428206505382946589e-07
-4.106870681891776050e-06
6.639631194266175234e-07
4.462504196466518454e-07
-6.119921386492395204e-07
5.054869821086098132e-07
2.686702029463330932e-06
1.600653603340240347e-07
-1.661852107038764187e-06
-3.422613085216518550e-06
2.080099727791542297e-06
1.091418177267786098e-06
-1.685786176446629099e-06
-2.755004300956599009e-06
1.366867180347407967e-06
-1.169876473153478461e-06
-7.985123841085613412e-07
-2.926147873373453591e-06
-1.187408488359894860e-07
2.876832265460900878e-06
-4.094033429207863293e-07
-2.889518053168634288e-06
5.182435167143008293e-07
3.314982969429807783e-06
-1.408893260149721840e-06
-2.273306203806574481e-06
1.269065874894923908e-06
3.506056207877121935e-06
-2.249408166050389343e-06
-6.872429154917423217e-08
2.887117708727973710e-07
-1.865580757331053034e-06
-9.368155992457255455e-07
3.525589212653240286e-06
1.604195206634861152e-06
-8.488660515382908398e-07
-1.418739188953847325e-06
1.030669609966434856e-06
-9.677546340209236676e-08
3.716580245092225093e-07
-1.395613171045016257e-06
-7.394772338160292878e-07
-1.687490001244728553e-06
5.870672128846701416e-07
-3.168666549470839290e-06
-8.815933289351941451e-07
1.508890646017003360e-06
1.615571081853922565e-06
-1.665620185904068378e-06
-1.552407870305424535e-06
1.357563755254367651e-06
8.331546895407580974e-07
-1.180822781201514787e-06
3.425353386963008120e-07
4.867695470535960816e-06
-7.643194916515638001e-07
2.516550756732257503e-07
2.386654575507573932e-06
-2.757710725951949755e-07
-5.087215977415181470e-07
2.429133128225871565e-06
3.168704151531669202e-06
2.167513829922040763e-06
-2.131909804915499746e-07
-7.469067544578830754e-07
-9.380885231892398066e-07
-1.761898666281416690e-07
-1.318422609057813503e-06
-9.222477667715955434e-07
-2.630462079632790186e-06
-1.541747707642419372e-06
-1.525250987319851721e-06
-1.235909576322042884e-06
-7.136769755064494239e-08
2.219609823736404146e-06
7.796913247398875154e-07
-2.780908010837544450e-06
2.240478887096159992e-07
8.156555944586986666e-07
-1.442885377476880380e-06
-1.464138545018081238e-06
2.255953313091774354e-06
-1.072260605304547538e-06
4.876044321642536466e-07
3.108147515481459914e-06
2.286511707526728129e-06
-7.364933205765479827e-07
-1.597485583472676848e-06
2.832674278657513640e-06
3.936147279022131675e-06
-4.246822242796570688e-07
2.683286098825423200e-07
-2.509003243767256888e-06
-2.305788689389140659e-07
6.383060674496593811e-07
1.765100694073195849e-07
-3.216161147330228923e-06
-2.931152357460177607e-06
-1.021840969298683476e-06
-1.485963622976013416e-06
-2.940610691097472936e-08
3.014856200513536771e-07
8.153026306347058876e-07
-1.271801742606070721e-06
-5.089805049412688805e-07
1.211670865227297332e-06
-2.194701852894629502e-07
-1.930068028703972064e-06
5.616266512625630166e-07
6.519047775948874631e-07
1.541170678005924678e-07
1.478773758913885472e-06
1.497724420800089680e-06
-2.416022814900816781e-07
-1.656206635784993450e-06
4.107786200854929940e-07
2.903568631400340656e-06
-3.661025216857125733e-07
1.379247338363698846e-08
-1.733244045744569896e-06
-1.032735174737113044e-06
-4.797078044103800252e-07
3.518257992906516817e-07
-3.632225713162028218e-06
-2.777669143147322407e-06
8.293749479264384941e-07
-1.434410834106311210e-06
-5.741080320288917165e-07
-7.992141991132081301e-07
6.462312860166057004e-07
1.867336642189983388e-07
-1.660501900589626129e-06
7.417332780197467910e-10
6.115484615537117069e-07
-1.323524805668777612e-06
5.591702276509697809e-07
-3.145467427008201395e-07
-5.840769366043662953e-07
4.811336752384276096e-07
2.313143505574152477e-06
5.213773550727908497e-07
-1.074274423082557020e-06
9.862477191937511282e-07
2.285300147400783552e-06
-7.658288866565474183e-07
-4.383572858534712585e-07
1.293476097974102490e-07
-1.528272788177905944e-06
-1.068772457602637446e-06
-6.144503558689036195e-08
-3.617549358248834766e-06
-2.221988490230897405e-06
5.963213458091976174e-07
