6.906989351501446883e-02
1.311067032947390437e-02
-9.614846166753386603e-02
1.962841789455149477e-01
9.975170604602179303e-02
5.804675268015965783e-02
-4.164243809728478962e-01
6.028908880508516976e-02
8.744547522757642466e-02
-1.565033741636021047e-01
-8.012583757558524797e-03
3.476410695788466065e-01
1.050671214939867260e-01
2.471407660560246966e-01
-1.045217142384699816e-01
-3.478638921802586492e-01
7.479210093790961134e-03
1.564157121062911271e-01
-8.734649388464504893e-02
-5.981364122306669084e-02
4.163779499177957533e-01
-5.804939959856861981e-02
-9.975117908799950583e-02
-1.962788591273552097e-01
9.614397730383182628e-02
-1.310557710277290844e-02
-6.906383407287629284e-02
-2.997809782994264140e-07
1.559494941744600009e-06
-7.195365252577921598e-06
5.385964244168707865e-06
-8.307691085095693387e-06
-2.835809872781882649e-05
-1.598252437593157264e-05
3.480250116046309009e-04
-7.528737838877720624e-05
-2.388010170170217633e-05
-3.121174232299400741e-04
1.153806672582409395e-04
7.906165436704099686e-03
3.568837238992597638e-02
-1.103306676519432133e-03
9.563659553135231753e-05
-3.923049325039220650e-04
-2.559666563472860323e-04
3.781041640321034219e-04
3.560003737291313891e-04
-9.020290301481101295e-06
4.272064403144435083e-06
-8.190697828971654732e-06
5.848813974722914553e-07
5.014427425793587993e-07
8.382932275431463447e-06
2.642487671936740052e-06
-2.313446417005996020e-06
-1.063948816871525052e-06
-5.913545075994982854e-06
2.983846362493931553e-06
-1.566488263826890464e-05
-5.446289584340296004e-05
4.470318261689889980e-05
1.876059840004881099e-04
-7.917484668906099642e-05
-1.583887359924171666e-05
-2.333826890646051484e-04
4.706573630878267624e-04
9.259576210410501136e-04
-5.357319118068048754e-04
4.297166848283069407e-05
-3.713973073055042672e-04
-3.445495914708597411e-04
-6.834125625833558455e-05
4.624927005332735912e-04
2.513286411841935113e-04
1.889026199534401618e-05
5.202098413412796202e-06
-1.556720115901322587e-05
-1.009760300975833241e-06
6.840298314369524892e-06
8.229951965915136204e-06
3.167398726733967797e-06
-3.676860968649513521e-06
-2.261886069246094485e-06
-3.001129389598248082e-06
-3.504051566601714739e-06
-2.943793208139729026e-05
-3.907346764889188409e-05
9.050796804977958481e-05
4.778016941683974208e-05
-5.553660345905019123e-05
-1.548098305249128142e-04
-1.816810519441782313e-04
2.389906876265560347e-03
7.401502898163168746e-03
-1.622220348282392898e-03
-1.075339358097851744e-03
-4.003184840223168403e-04
-4.203958936164308010e-04
1.099228301903565325e-04
4.802777576972815272e-04
8.340928006315071733e-05
8.281549253053697735e-06
-2.435026901354049656e-06
-2.029140544780517786e-05
1.168506981570189684e-06
1.162805037618897483e-05
3.580087337728491480e-06
1.900441073755322007e-06
-3.132321870907318810e-06
-1.104933654703655364e-06
3.472498385587126569e-07
-1.345066384375850450e-05
-4.001937085431336790e-05
1.065581806233162800e-05
1.007068551145788853e-04
-3.907079567590024529e-05
-2.111082895940882308e-05
-1.068250353579553683e-04
3.434433314294118265e-04
8.247654375599582999e-04
2.440643682546956173e-04
1.109068724589994397e-04
2.261326000551971025e-05
-2.543908350979572118e-04
2.762201340654117413e-05
3.112319509366401706e-04
2.414890513242401102e-04
1.493082102197944640e-06
-1.003335027142327768e-05
-1.644616501535114007e-05
-1.359400620044536170e-05
7.180855639976998986e-06
1.100333336326696463e-05
2.246772376896006682e-06
2.406902332583135361e-06
-1.203759243596696682e-06
4.468314330656974587e-07
-2.672582751756848761e-06
-2.315347888877819456e-05
-3.285729985812432048e-05
4.082770197763295754e-05
6.184472496339478952e-05
-3.609836705548036284e-05
-6.587203312385014799e-05
-7.061844937453117801e-05
9.027262822292253042e-04
2.197458942278077403e-03
-1.033788102872077288e-03
-6.675984687035667765e-04
-2.512356513151159788e-04
-2.421079992350852776e-04
1.255607801492780078e-04
4.195923772068994948e-04
4.971994515047573635e-05
-1.428646679829978061e-05
-2.255441359997384764e-05
-2.512643789417540118e-05
-9.885977664399316487e-07
1.899100227023036832e-05
5.253399631842008774e-06
-1.392345310393754731e-07
2.200724346574417899e-06
5.121332639645356856e-07
3.968716461593635529e-08
-6.536420981109667460e-06
-2.771011086855816006e-05
-1.391706254296031004e-06
5.264538448052868790e-05
-7.248644809620002452e-06
-1.562201533791115815e-05
-4.948612979713170175e-05
1.876006845593512686e-04
4.831588063500964736e-04
2.226073820193282178e-04
-4.354373352384910997e-05
-6.963958217662406293e-05
-1.224927937230756061e-04
1.573123731484820173e-05
2.146430426998527526e-04
1.603110662580157066e-04
-1.739067999343441858e-05
-2.157159683870943671e-05
-2.945293892978640039e-05
-1.857833317643966148e-05
1.069481900434408636e-05
2.084366604778168964e-05
2.646218549143740239e-06
-2.446718784979339246e-06
6.013151007142442277e-07
1.018674802055757801e-06
-2.993251121130492025e-06
-1.136521648432632889e-05
-2.136680362723082988e-05
1.989001684918034323e-05
4.135492771741320288e-05
-2.342634035512634812e-05
-3.248839355092298151e-05
-8.880965022664222627e-06
3.732804484219606734e-04
6.877480396864441969e-04
-5.497105421058407068e-04
-3.098381148869916815e-04
-7.805869150241798886e-07
-1.368275476192276163e-04
1.490402828412894481e-04
2.858364110044205801e-04
1.322469819488390747e-05
-3.749629151284586675e-05
-2.318350937241814771e-05
-2.952130620249536011e-05
-3.548880181571745565e-06
1.915581954968553692e-05
1.340912059163078196e-05
2.182846792861015342e-06
-3.872200834804016610e-06
-1.572935690582195269e-06
2.311540175925242422e-06
-5.657393793327877209e-06
-1.343729151793661823e-05
-9.876554388823425871e-07
2.924575698656401386e-05
1.531868487518104678e-06
-1.481444053946479554e-05
-1.815946512044015225e-05
1.001199653135911681e-04
2.329413039966894661e-04
1.181277439189822720e-04
-9.082469835304108187e-05
-8.336100934634806711e-05
-1.775430098326356864e-04
2.347112937463193452e-05
1.234883717032719157e-04
1.114859625907208305e-04
-3.321950869594370742e-05
-2.486969038330220488e-05
-2.965307371233682121e-05
-1.249780089516010148e-05
1.263389930131787809e-05
1.716907420792683595e-05
5.801554579827359919e-06
2.808746296402612665e-06
-8.795476370626281493e-07
-5.171903145417725583e-07
-1.530051164569090580e-06
-8.604761612414030820e-06
-8.589759611740684184e-06
1.375376292887997037e-05
2.795151721280352100e-05
-1.697940428457276991e-05
-1.463771724218377409e-05
2.812095960274458472e-06
1.649605618236811035e-04
2.029664295457581558e-04
-2.799965406118687687e-04
-1.521544445276507397e-04
3.331825247188133443e-05
-4.449443295048995085e-05
1.108174844902983506e-04
2.050597398003820362e-04
-2.340795275039816233e-05
-3.873936000244928830e-05
-2.417230796407675080e-05
-3.085978822645787635e-05
3.137070136707033313e-07
2.686629112562033861e-05
6.721591174719726127e-06
-1.036572779087788182e-06
1.690093341506410517e-06
4.594511175407119821e-08
-2.124001427160063924e-06
-3.553892959643322320e-06
-9.366882453911821473e-06
1.478539207316142698e-06
1.591305770191131166e-05
6.042119582781881100e-06
-1.165992451098989535e-05
-9.701618715414951931e-06
4.766899285236646158e-05
1.158550293052606188e-04
5.687464902858165630e-05
-7.329119424841719680e-05
-4.317077264523838626e-05
-1.257797254334667319e-04
4.286943645465357929e-05
1.053309373529829891e-04
4.949340510007755581e-05
-1.614302472115163378e-05
-2.738633993636039037e-05
-2.300467149663599055e-05
-1.384762589487660996e-05
1.220461838518690893e-05
2.157252743857332222e-05
2.491780169667231537e-06
-4.233363378391292715e-06
-1.383516678945056163e-06
2.746569514974845395e-06
-1.966216751900982388e-06
-4.249894452968979808e-06
-5.828092665959408084e-06
7.625223163482988903e-06
1.330542118763848624e-05
-1.025886856606196453e-05
-7.007057804125318565e-06
8.152040646626264291e-07
6.279279282974477207e-05
5.724955960958369569e-05
-1.332051330354575242e-04
-7.417112982343184943e-05
-1.915987101901406344e-05
-1.969021008648452436e-05
6.338059188838485484e-05
1.004115922840076306e-04
-9.380754083595927088e-06
-4.024659827230719753e-05
-1.263503210563488258e-05
-2.425806991803393153e-05
5.941732938218018715e-06
2.093574356442822533e-05
8.411227376243921166e-06
4.008687060851948187e-07
-2.992078826188414610e-06
-4.488615589219607911e-06
-8.596613461447642523e-07
7.075964244735651705e-07
-4.477475844578154992e-06
-4.115028163404684366e-07
9.785636406749168549e-06
3.055891725855451806e-06
-7.139199822241627761e-06
-3.411283348956234982e-06
2.274176626827930205e-05
4.189545647530221667e-05
2.124151592399224414e-05
-4.624803208241855810e-05
4.103912345822321604e-06
-1.755491895391041884e-05
2.746976977294824832e-05
8.899042798235790041e-05
4.611326683524469294e-05
-2.854745862633435133e-05
-1.147728534930803402e-05
-2.638245143623752228e-05
-4.340376916825968609e-06
1.335608111290258560e-05
1.553023033144144900e-05
2.611775909633400532e-07
-6.853357340910196768e-07
-3.717615615546602419e-07
-2.247038605509794831e-06
1.319315753805992597e-07
1.526845183651332166e-06
-1.570374262882834331e-06
2.264226455230904779e-06
9.460750984774593186e-06
-6.926129811284902382e-06
-4.866635497258545410e-06
1.468296153936769636e-06
2.343444115582683115e-05
9.086292137409612745e-06
-6.631785512448041696e-05
-4.795136727706347357e-05
-4.030162879288178240e-05
-1.128134078487333207e-05
5.172919684684143825e-05
4.342306286322099074e-05
-3.533209939910053615e-05
-2.763437723773216466e-05
-2.120084524097290982e-05
-1.357309558753073972e-05
8.311148223799323868e-06
2.222964807256977074e-05
5.741098942542887713e-06
-2.654009138523123978e-06
-2.732823914309948883e-06
-1.847448100004351082e-06
-1.711097864199508125e-06
8.105531277348466391e-07
2.080911002635357453e-06
1.768110076747884756e-06
7.147522540530733682e-06
5.467785456991615702e-06
-8.750635261351185392e-06
-8.267219262838753212e-06
1.190888834102759673e-05
1.925817086383606766e-05
1.728220921990242719e-06
-5.113776085960470592e-05
-5.896708785352198641e-08
8.681169616808797262e-05
2.916020365982963718e-05
5.465297801425624197e-05
1.929368950138981087e-05
-3.782408209029447115e-05
-3.539917428394096871e-05
-1.790234055911926812e-05
-4.739108132676101205e-06
2.487768711940496584e-05
1.981245267140094939e-05
-4.806584813337003420e-07
-4.408143466372448121e-06
-4.944078151249245230e-06
-1.852950989713551004e-06
-1.546558274308032199e-06
1.104457779915982721e-06
1.236426481807180425e-06
2.611145100399634372e-06
6.612260799657804924e-06
-3.017255781469537364e-06
-6.743109721353345593e-06
1.820021208595607525e-08
4.049902068176742165e-06
1.674254098730220053e-06
-3.544220555779659787e-05
-3.952264562098317392e-05
-8.361186485017557473e-05
-3.427692353944724392e-05
7.719765547326743296e-05
5.497483512881589984e-05
-2.821614600759135146e-05
-2.395246699095411624e-05
-1.471595010626302011e-05
-1.260385979866009426e-05
1.525786204760646302e-05
2.498130766884896532e-05
5.195886606969215330e-06
-4.154761865489965001e-06
-2.927248342807275687e-06
-5.135790608460330902e-06
-2.007395701846788166e-06
2.094977833535378408e-06
2.306661170544709781e-06
9.578118681323245707e-07
