3.696369051973472097e-01
7.362647966490754037e-01
7.931349940602701043e-01
6.607099815842604196e-01
5.722785202995633869e-01
5.685098076621785124e-01
4.555280791440404209e-01
7.029973849810975395e-01
3.848542461665519498e-01
6.802393178800002493e-01
9.271518138578883628e-01
4.932709463930399774e-01
1.639706948490271821e-01
1.847707975183252582e-01
1.646754549909488219e-01
4.933800405890191865e-01
9.271869041148421697e-01
6.805433705547574430e-01
3.845106975808550431e-01
7.029914899247421411e-01
4.554568990253661243e-01
5.684840583912695866e-01
5.722771830474423504e-01
6.607115684996197613e-01
7.931234324030478344e-01
7.362637300105403515e-01
3.696378836441807647e-01
1.109135263722950892e-06
-1.735729587403001365e-06
4.717083802264951500e-06
1.432255040489668260e-06
1.995056674606133314e-06
2.874777641043687592e-05
-2.579051858754450116e-05
1.684105971302702199e-04
3.535564418719450950e-05
3.085870941092466594e-05
5.976738967603499597e-05
4.821104742412844302e-04
-8.206308536013286539e-03
3.750204068262118912e-02
8.035425001469038986e-04
5.021452507930671515e-04
1.428781480340092416e-04
2.580969269529151183e-04
-4.188284941547350303e-04
1.665687770681713331e-04
-3.242289849738006960e-05
-4.339288839009989871e-06
6.872691686809070607e-09
1.375727723523636040e-05
-1.427567655547775977e-05
-2.208955890273234428e-06
1.199294054720922582e-06
6.280048877074565335e-06
-2.964256076310681576e-06
6.319923860207711102e-07
1.937152417425047523e-07
1.082996769785062235e-05
2.299919545628296194e-05
-1.628466505472699630e-04
2.771679535839675240e-04
-1.598985449873357295e-04
2.293795276292820223e-04
-2.726155577242102713e-04
-5.833510159576555179e-04
3.187049642633556354e-04
-5.800870854703611126e-04
-1.955250570133576537e-04
4.669208307282378628e-05
-2.287541133564231918e-04
-3.290365695192291927e-04
-2.468837113211186057e-05
2.341584682547685542e-04
1.048269767472183497e-05
1.612035416857779467e-05
2.664300355458940416e-06
8.663897634564681990e-06
-7.670222589435567580e-06
-6.471870172441175878e-07
-2.089725973496491925e-06
6.889548964777730421e-06
-6.137617798299025378e-06
-2.398339311687542106e-06
4.721098802627992018e-06
1.858768923400595850e-05
-1.814708887114340632e-05
-6.810429054129582603e-05
1.251501041545358866e-04
-5.235317633195093112e-05
1.074724137523775373e-04
-1.926292750552800271e-04
-2.764834464033053170e-03
8.714865023374254380e-03
-1.921868374092646045e-04
-8.355014380115917275e-04
-2.208067980287211061e-06
-1.161752671840200171e-04
-6.293462351066120503e-04
3.182248171955908539e-04
1.073155311165450971e-04
1.259686958681878105e-05
2.061158896698534680e-05
5.449359228577116355e-06
-8.852863865342670648e-06
1.629134354516959132e-06
3.226514860709393963e-06
-4.250114560284655225e-06
3.302505450024011064e-06
-2.399347102407561785e-06
-4.145596611813467837e-06
1.375918465470504136e-05
1.331158762346779877e-05
-9.137370876157248389e-05
1.100337741641875576e-04
-4.697582917868189608e-05
9.512454728257017998e-05
-1.377790053707930403e-04
-2.996499061603988094e-04
2.259481363958110536e-04
3.700140195274296390e-04
-5.853402441360179505e-05
2.089825036457725201e-04
-1.661299648432952602e-04
-1.452089312308428950e-04
-5.525977143650386350e-05
2.462752021531434098e-04
2.066089730249294395e-05
1.271784380704468925e-05
1.515800305307648319e-05
-4.210846640210294753e-06
-1.453058699332843363e-05
5.396273643382230929e-06
4.017010654466489564e-06
-3.492557364353342919e-06
-3.325079196976038674e-07
1.589487649635241857e-06
3.563876719250635167e-06
9.011471956041538020e-06
-1.029833198238644810e-05
-6.826687293443953609e-05
1.019640774258106917e-04
-3.581996914856738458e-05
6.764582176408828892e-05
-1.875388638992869111e-04
-8.916402109337942701e-04
2.959126944647444760e-03
-2.801283054213408183e-04
-7.553241199422036645e-04
6.323476192480784086e-06
-1.584860237799626996e-04
-4.281004175278131023e-04
3.175087728469760148e-04
1.102975147539747471e-04
-6.447077610694893504e-06
9.389906903026383204e-06
9.530708760533182343e-06
-2.265176176872729121e-05
-5.050348779683949221e-06
5.155064576880560445e-06
5.627515083254959974e-06
-1.016951535896930620e-06
1.801408525969829357e-07
-4.491627190736777280e-07
1.054655448905662281e-05
-2.574103546236112975e-06
-4.832749247062212981e-05
4.862087022581227378e-05
-4.925973050943625411e-06
3.035440766737716538e-05
-6.048232788276440444e-05
-1.591110391108622828e-04
1.629392272606973956e-04
3.735451674767677806e-04
-8.590159692757181470e-05
2.493221676696520434e-04
-6.354001730019384804e-05
-1.075895282773061664e-04
-3.136501719624283809e-05
2.088572812288917735e-04
8.363979435235593669e-06
5.325422610795276205e-06
-3.113625327642244314e-06
-8.755442309565658886e-06
-2.053270110343341260e-05
7.845354939443677982e-06
3.783724186743310104e-06
5.160269705078996906e-06
1.835385877540643076e-06
7.582263483110081259e-08
1.163958343138699924e-06
1.212706619082489306e-05
-1.527765073429542781e-05
-4.093114709763346991e-05
6.560116360132498968e-05
-1.670308718665341403e-05
2.790446712307012637e-05
-1.181023363799775175e-04
-2.570143643705914411e-04
1.111503466844570827e-03
-2.169742755001767217e-04
-4.408021338282389762e-04
9.552288356138979506e-05
-1.166169590040028739e-04
-2.322647251427700603e-04
2.659715139548462842e-04
9.213884784527662925e-05
-2.543333022423233651e-05
1.735712039413272274e-05
-5.531398824157264440e-06
-2.419371592675176766e-05
-1.679307614161370835e-06
8.836358142556047270e-06
5.221610575494322966e-07
2.394488122597228545e-06
4.376450812067323262e-06
-1.795758228027186064e-06
1.173300987892916866e-06
-5.328165348604780629e-07
-2.431267249320447484e-05
1.508538356348613191e-05
9.085422285342356874e-06
1.033377052185033316e-05
-3.188099870295657627e-05
-7.469054258941550041e-05
1.013916884990468699e-04
2.035739986707761726e-04
-6.199769467630378153e-05
1.262199608594558357e-04
-1.349007845364294186e-04
-7.771417953121316003e-05
-7.202033769654014287e-07
1.337582710397001670e-04
-9.553960256824119181e-06
-1.864412826706666285e-06
2.565152243683197400e-06
-1.657458421123973245e-05
-1.585001242665551863e-05
9.733700365027293124e-06
4.507716454871384114e-06
-3.391874027827649651e-07
4.238880275428754421e-07
3.716360372822737011e-06
3.018629386004377752e-06
-1.309608815891147722e-06
-1.403032002443283125e-05
-1.711864077851719937e-05
3.520078146915855077e-05
-9.839158708034163690e-06
1.194173334166641765e-05
-6.688983564145475793e-05
-4.459002474889489409e-05
4.204539590912241315e-04
-1.415169135118572014e-04
-1.862864945089392479e-04
8.804363858849921574e-05
-5.676177616167854231e-05
-1.250449460090733410e-04
1.846826691114680601e-04
4.116312697075137585e-05
-3.966382657968582436e-05
1.032027828549038295e-05
-7.848801754338519617e-06
-2.918466007741262044e-05
5.803108857866695776e-06
9.792554493228512597e-06
1.583808737547398659e-06
7.140810251931897509e-07
1.333839004608117429e-06
6.836259301620498377e-07
5.659530313898746783e-06
-4.188461354073533472e-06
-1.612924655897465391e-05
1.128722486246945010e-05
9.287472249121944833e-06
7.708594416733961090e-07
-1.398154026149404226e-05
-4.191358969466402022e-05
7.098618781844542186e-05
7.637004262833993365e-05
-1.262409054475591039e-05
5.797715932744416783e-06
-9.201675857969446987e-05
-8.863392224288929166e-05
-3.863736040681634765e-06
8.395579134672228683e-05
-9.888746419207945540e-06
-3.914171423292375375e-06
-2.733367873754231790e-06
-1.398795768357754652e-05
-1.640816829507294876e-05
1.447275359712757827e-05
3.729181340943497594e-06
2.201093255583385234e-06
4.818409434475334161e-07
-2.050355392251824865e-06
2.283029173548427410e-07
4.030544363580852721e-06
-6.447989243954914428e-06
-6.952700217063895706e-06
1.633659227804197021e-05
2.441782472069189475e-06
-2.546275057723871945e-06
-2.653414083997267356e-05
-2.180123960321987063e-06
1.584516368889693429e-04
-7.984847008865693710e-05
-5.408280908391896382e-05
5.136423278156616325e-05
-3.718534005765152960e-05
-5.949887756690484445e-05
1.254130525891101230e-04
3.160283013358725724e-05
-2.236117050420678704e-05
1.171596666215816193e-05
-1.226130247838505834e-05
-1.984606946559940298e-05
5.462582598019595039e-06
1.261756066181303858e-05
-8.165774593659601790e-07
3.201257737344177925e-06
3.116063386967766978e-06
-2.034291370033467099e-06
9.114839520533760945e-07
-1.675220392242673385e-06
-5.919391886265126421e-06
6.696483698250577030e-06
9.333438850344169366e-07
6.499633641875742229e-06
-6.094409676393204121e-06
-1.371525515813914969e-05
3.976276854869972090e-05
2.141303431064395590e-05
1.879463685406854495e-05
-5.008312318583847759e-05
-3.019335271986664743e-05
-5.715204762072490657e-05
3.777139609487684276e-05
5.241035484742857570e-05
-6.041332372565551387e-06
7.036432191057114238e-06
2.265282001122084525e-07
-1.879742703416218503e-05
-9.221060506716812849e-06
1.180513716021653547e-05
6.782426176354128955e-06
-6.219585569618611226e-07
4.190848777372519988e-06
5.200016682995855293e-06
9.082218642255197175e-07
2.381623597680818123e-06
-4.669108935137585911e-06
-8.651814892875319749e-07
9.361434989358974717e-06
1.972673804702469864e-06
-6.615579248854236885e-06
-2.478300094834498739e-06
7.500288785622461090e-06
5.438200447084664153e-05
-3.197281197253130366e-05
-1.882092511141324176e-05
3.906908557944554984e-05
-5.630884615112591540e-05
-2.865612700563281194e-05
8.760171624154201820e-05
-2.282772955334112806e-08
-2.118478286713320336e-05
2.611277507546615484e-06
-9.932769351595549181e-06
-2.288350401641832047e-05
8.664031878921269657e-06
8.784333256177935626e-06
4.017500062484002761e-06
2.515598812624564434e-07
1.544705643993282546e-06
2.990555837124019599e-06
1.761095060662840803e-06
1.747943572286128266e-06
-4.577845470027856808e-06
1.444320175590404521e-06
2.659345861598911924e-06
9.965561581746449696e-06
-1.250945598940040831e-05
-5.627267290326524458e-06
2.586304891758846837e-05
2.982982297039364706e-08
5.021181898980027784e-05
-1.195148064710998295e-04
1.321730894383117776e-05
1.169811181133538315e-05
4.303296364017085050e-05
4.801641120572277470e-05
1.920689659234813075e-05
-1.454410385469010147e-05
-1.015077876060187398e-05
-2.238996301965702878e-05
-4.859226030748075545e-06
1.711859967543134271e-05
4.464240609298549253e-06
2.385239115041478524e-06
2.137117706226886568e-06
-2.783921809455883251e-06
5.182086514905533176e-07
2.494572138168567765e-06
1.130189839352359230e-06
5.124110056010418341e-07
-2.407913602262754130e-07
6.613591014324920458e-06
-5.955185727340551041e-06
-1.808465935551981638e-06
5.740606886592161929e-06
1.963091240298700879e-05
-1.505154400684505129e-05
1.577193521981861551e-05
9.577649459633869007e-06
-8.042777955667751888e-05
-1.241702688955356515e-05
5.965065360456824083e-05
-1.021356831451481643e-05
-1.609329666083879120e-05
1.084946394645500442e-06
-2.132038956051071372e-05
-1.579194882789071246e-05
1.562783721660863977e-05
1.137856828597445618e-05
1.580468650822213548e-07
2.315037782905814397e-06
1.686214085095596990e-06
-3.532553895216785806e-06
2.628334058988795327e-06
2.765262508576088673e-06
4.811833297202748146e-07
