1
1
9
0
(1 0
((0,0,0) (49,49,49) (0,0,0))
)
1
FabOnDisk: Cell_D_00000 0

1,9
0.0000000000000000e+00,0.0000000000000000e+00,0.0000000000000000e+00,-1.3316926429177697e-01,-1.2497153474356375e-01,-1.0766420411058006e-01,-3.4580433758950209e-13,-4.0025088474134291e-13,-3.4632021525055734e-13,

1,9
0.0000000000000000e+00,0.0000000000000000e+00,0.0000000000000000e+00,1.1154242024835695e-01,1.1849901140958816e-01,1.2742398435799163e-01,3.4286464524712473e-13,3.6741626749335779e-13,3.7084394762352668e-13,

