1
1
9
0
(1 0
((0,0,0) (49,49,49) (0,0,0))
)
1
FabOnDisk: Cell_D_00000 0

1,9
0.0000000000000000e+00,0.0000000000000000e+00,0.0000000000000000e+00,-8.0876256584366668e-01,-8.0875772757395870e-01,-1.0562067825235160e+00,0.0000000000000000e+00,0.0000000000000000e+00,0.0000000000000000e+00,

1,9
0.0000000000000000e+00,0.0000000000000000e+00,0.0000000000000000e+00,7.5128420626188175e-01,7.5128840430030153e-01,1.3897002044863322e+00,0.0000000000000000e+00,0.0000000000000000e+00,0.0000000000000000e+00,

