1
1
9
0
(1 0
((0,0,0) (49,49,49) (0,0,0))
)
1
FabOnDisk: Cell_D_00000 0

1,9
-1.1594151167248060e-02,3.6430875443091301e-02,-5.0007787812366231e-03,-0.0000000000000000e+00,-0.0000000000000000e+00,-0.0000000000000000e+00,0.0000000000000000e+00,0.0000000000000000e+00,0.0000000000000000e+00,

1,9
1.2049226992400731e-02,4.9562674484588884e-02,5.6205782826115620e-03,-0.0000000000000000e+00,-0.0000000000000000e+00,-0.0000000000000000e+00,0.0000000000000000e+00,0.0000000000000000e+00,0.0000000000000000e+00,

